10 3 2 4000000 0.0083375 3966650 1.000000e+00 1.000914e+00 52.089
10 3 3 4000000 0.0277613 3888955 3.498818e-01 3.477991e-01 107.542
10 3 4 4000000 0.0647125 3741150 1.803471e-01 1.818014e-01 194.381
10 3 5 4000000 0.133802 3464791 1.048301e-01 1.054952e-01 326.210
10 3 6 4000000 0.262986 2948055 6.050387e-02 6.036007e-02 516.067
10 3 7 4000000 0.485515 2057938 2.969251e-02 2.960918e-02 718.043
10 3 8 4000000 0.785177 859293 8.844219e-03 8.877511e-03 735.562
10 4 2 4000000 0.00476925 3980923 1.000000e+00 1.021885e+00 29.889
10 4 3 4000000 0.0178827 3928469 3.352164e-01 3.363697e-01 65.058
10 4 4 4000000 0.0515193 3793923 1.585582e-01 1.587961e-01 129.852
10 4 5 4000000 0.144863 3420548 7.278759e-02 7.313721e-02 235.604
10 4 6 4000000 0.385698 2457210 2.085985e-02 2.083765e-02 272.240
10 4 7 4000000 0.785996 856014 -1.042199e-03 -1.033875e-03 -66.479
10 5 2 4000000 0.00397875 3984085 1.000000e+00 9.297518e-01 22.599
10 5 3 4000000 0.0181958 3927217 3.218215e-01 3.189215e-01 62.583
10 5 4 4000000 0.0775778 3689689 1.070610e-01 1.086519e-01 135.469
10 5 5 4000000 0.314223 2743106 1.031543e-02 1.051522e-02 85.118
10 5 6 4000000 0.791175 835302 -8.525460e-03 -8.449666e-03 -461.856
10 6 2 4000000 0.0048275 3980690 1.000000e+00 1.014500e+00 30.032
10 6 3 4000000 0.0310155 3875938 2.545327e-01 2.539248e-01 86.266
10 6 4 4000000 0.206588 3173650 1.328785e-02 1.367518e-02 51.899
10 6 5 4000000 0.735837 1056652 -1.765463e-02 -1.762435e-02 -685.132
10 8 2 4000000 0.022256 3910976 1.000000e+00 9.913085e-01 148.402
10 8 3 4000000 0.32785 2688598 -3.042679e-02 -2.997736e-02 -244.977
12 3 2 4000000 0.0045255 3981898 1.000000e+00 1.048834e+00 32.312
12 3 3 4000000 0.0148015 3940794 3.462074e-01 3.446510e-01 61.059
12 3 4 4000000 0.03272 3869120 1.809336e-01 1.803371e-01 102.183
12 3 5 4000000 0.063544 3745824 1.117205e-01 1.109060e-01 163.569
12 3 6 4000000 0.117807 3528771 7.351115e-02 7.348719e-02 260.804
12 3 7 4000000 0.21223 3151080 4.792086e-02 4.795656e-02 398.894
12 3 8 4000000 0.373656 2505375 2.825804e-02 2.810008e-02 559.821
12 3 9 4000000 0.610842 1556634 1.320326e-02 1.316304e-02 660.234
12 3 10 4000000 0.865265 538940 3.346792e-03 3.398242e-03 530.759
12 4 2 4000000 0.00201425 3991943 1.000000e+00 9.233586e-01 12.480
12 4 3 4000000 0.00708725 3971651 3.423004e-01 3.364316e-01 27.903
12 4 4 4000000 0.0184062 3926375 1.736766e-01 1.737767e-01 53.668
12 4 5 4000000 0.0444358 3822257 9.996287e-02 1.002532e-01 99.099
12 4 6 4000000 0.111382 3554471 5.414260e-02 5.351941e-02 171.356
12 4 7 4000000 0.275935 2896260 2.218640e-02 2.194022e-02 234.511
12 4 8 4000000 0.585801 1656797 3.588817e-03 3.575856e-03 131.140
12 4 9 4000000 0.906021 375915 -1.349283e-03 -1.335360e-03 -201.104
12 5 2 4000000 0.00125525 3994979 1.000000e+00 8.979372e-01 7.530
12 5 3 4000000 0.0050395 3979842 3.429620e-01 3.337831e-01 19.562
12 5 4 4000000 0.0171152 3931539 1.582044e-01 1.535786e-01 43.841
12 5 5 4000000 0.0639375 3744250 6.266329e-02 6.299044e-02 89.979
12 5 6 4000000 0.231233 3075068 1.094569e-02 1.089709e-02 78.365
12 5 7 4000000 0.608043 1567827 -6.185541e-03 -6.157690e-03 -209.903
12 5 8 4000000 0.94036 238559 -2.671929e-03 -2.708700e-03 -445.987
12 6 2 4000000 0.00104025 3995839 1.000000e+00 1.135544e+00 7.878
12 6 3 4000000 0.00547075 3978117 3.159581e-01 2.767496e-01 17.616
12 6 4 4000000 0.03085 3876600 9.703674e-02 1.003084e-01 52.058
12 6 5 4000000 0.171641 3313437 2.667393e-03 2.819163e-03 11.753
12 6 6 4000000 0.581224 1675105 -1.492830e-02 -1.493081e-02 -405.224
12 6 7 4000000 0.946483 214069 -3.766849e-03 -3.755902e-03 -572.803
12 8 2 4000000 0.002016 3991936 1.000000e+00 1.028103e+00 13.905
12 8 3 4000000 0.0266375 3893450 1.454188e-01 1.418712e-01 45.054
12 8 4 4000000 0.292737 2829053 -4.212205e-02 -4.209862e-02 -279.576
12 8 5 4000000 0.861974 552104 -1.455968e-02 -1.454794e-02 -991.128
12 10 2 4000000 0.0151918 3939233 1.000000e+00 9.997663e-01 110.542
12 10 3 4000000 0.375222 2499113 -7.109689e-02 -7.110062e-02 -789.192
16 3 2 4000000 0.0017935 3992826 1.000000e+00 8.760195e-01 12.329
16 3 3 4000000 0.005648 3977408 3.463597e-01 3.455425e-01 26.695
16 3 4 4000000 0.0119122 3952351 1.788127e-01 1.798775e-01 41.792
16 3 5 4000000 0.0215235 3913906 1.109624e-01 1.078812e-01 59.108
16 3 6 4000000 0.036137 3855452 7.747918e-02 7.823319e-02 89.653
16 3 7 4000000 0.0584452 3766219 5.722296e-02 5.701237e-02 127.993
16 3 8 4000000 0.0940635 3623746 4.329105e-02 4.323708e-02 187.067
16 3 9 4000000 0.151891 3392437 3.274090e-02 3.285890e-02 274.969
16 3 10 4000000 0.245476 3018098 2.344851e-02 2.349346e-02 386.872
16 3 11 4000000 0.389182 2443272 1.529132e-02 1.536358e-02 509.467
16 3 12 4000000 0.584675 1661299 8.452206e-03 8.455626e-03 580.709
16 3 13 4000000 0.796945 812221 3.361220e-03 3.356178e-03 513.750
16 3 14 4000000 0.950374 198504 6.492137e-04 6.136096e-04 274.334
16 4 2 4000000 0.00053125 3997875 1.000000e+00 1.055373e+00 4.361
16 4 3 4000000 0.0017935 3992826 3.416194e-01 3.160177e-01 7.648
16 4 4 4000000 0.00410475 3983581 1.765367e-01 1.744287e-01 13.712
16 4 5 4000000 0.0082615 3966954 1.104249e-01 1.102625e-01 22.619
16 4 6 4000000 0.0159437 3936225 7.621308e-02 7.709953e-02 37.716
16 4 7 4000000 0.0323883 3870447 5.366744e-02 5.399457e-02 64.446
16 4 8 4000000 0.0701813 3719275 3.589269e-02 3.592043e-02 110.676
16 4 9 4000000 0.155631 3377478 2.057007e-02 2.063082e-02 169.981
16 4 10 4000000 0.32868 2685279 8.882363e-03 8.890696e-03 197.525
16 4 11 4000000 0.598877 1604491 1.819114e-03 1.835564e-03 109.480
16 4 12 4000000 0.86478 540881 -5.296088e-04 -5.533989e-04 -94.783
16 4 13 4000000 0.985897 56411 -2.752840e-04 -2.544734e-04 -169.954
16 5 2 4000000 0.00022875 3999085 1.000000e+00 1.157695e+00 2.055
16 5 3 4000000 0.00077425 3996903 3.533057e-01 1.388891e-01 1.446
16 5 4 4000000 0.00200975 3991961 1.833086e-01 2.039776e-01 7.815
16 5 5 4000000 0.00497325 3980107 1.105491e-01 1.101498e-01 13.524
16 5 6 4000000 0.0140962 3943615 6.641356e-02 6.696836e-02 28.778
16 5 7 4000000 0.0445743 3821703 3.251928e-02 3.306533e-02 54.375
16 5 8 4000000 0.140396 3438417 1.012656e-02 1.001782e-02 63.892
16 5 9 4000000 0.366958 2532167 -1.090897e-03 -1.106532e-03 -24.991
16 5 10 4000000 0.702167 1191331 -3.514349e-03 -3.524023e-03 -259.570
16 5 11 4000000 0.939756 240977 -1.455294e-03 -1.490875e-03 -370.020
16 5 12 4000000 0.997216 11135 -1.135924e-04 -1.262657e-04 -159.271
16 6 2 4000000 0.000123 3999508 1.000000e+00 1.235772e-01 0.118
16 6 3 4000000 0.00044725 3998211 3.387243e-01 2.122725e-01 1.275
16 6 4 4000000 0.001583 3993668 1.710536e-01 1.985190e-01 5.983
16 6 5 4000000 0.00648975 3974041 8.278234e-02 9.086072e-02 14.561
16 6 6 4000000 0.0301387 3879445 2.745624e-02 2.633240e-02 24.397
16 6 7 4000000 0.130644 3477423 -7.929021e-04 -1.081484e-03 -5.502
16 6 8 4000000 0.401415 2394339 -8.858870e-03 -8.930961e-03 -201.905
16 6 9 4000000 0.771514 913944 -5.883189e-03 -5.900584e-03 -493.806
16 6 10 4000000 0.968999 124005 -1.305512e-03 -1.328138e-03 -422.090
16 6 11 4000000 0.999246 3015 -1.565149e-05 -5.254476e-05 -114.092
16 8 2 4000000 7.075e-05 3999717 1.000000e+00 6.333922e-01 0.347
16 8 3 4000000 0.0005265 3997894 3.068218e-01 4.520814e-01 3.199
16 8 4 4000000 0.005597 3977612 7.510534e-02 6.892085e-02 7.364
16 8 5 4000000 0.0563287 3774685 -1.173013e-02 -1.242117e-02 -17.898
16 8 6 4000000 0.306705 2773180 -2.433663e-02 -2.441783e-02 -289.488
16 8 7 4000000 0.747708 1009169 -1.174669e-02 -1.179133e-02 -715.500
16 8 8 4000000 0.973636 105456 -1.884599e-03 -1.858596e-03 -520.570
16 8 9 4000000 0.999606 1577 -5.102533e-05 -4.265918e-05 -104.712
16 10 2 4000000 0.000128 3999488 1.000000e+00 4.791667e-02 0.048
16 10 3 4000000 0.002784 3988864 1.726054e-01 1.627395e-01 6.104
16 10 4 4000000 0.068429 3726284 -4.018699e-02 -3.990284e-02 -55.210
16 10 5 4000000 0.454703 2181189 -3.516832e-02 -3.527038e-02 -615.192
16 10 6 4000000 0.906503 373989 -7.957969e-03 -7.999614e-03 -873.842
16 10 7 4000000 0.997908 8367 -2.559552e-04 -2.774414e-04 -251.384
16 12 2 4000000 0.0005505 3997798 1.000000e+00 5.057523e-01 2.165
16 12 3 4000000 0.0399415 3840234 -2.551023e-02 -2.684829e-02 -15.096
16 12 4 4000000 0.50323 1987079 -5.162249e-02 -5.146965e-02 -899.412
16 12 5 4000000 0.96128 154879 -5.560874e-03 -5.540701e-03 -915.596
16 14 2 4000000 0.00834675 3966613 1.000000e+00 9.898506e-01 68.445
16 14 3 4000000 0.466826 2132697 -8.655919e-02 -8.689296e-02 -1592.380
20 3 2 4000000 0.00088475 3996461 1.000000e+00 1.162891e+00 9.049
20 3 3 4000000 0.00272575 3989097 3.400030e-01 3.389959e-01 14.107
20 3 4 4000000 0.0056095 3977562 1.761350e-01 1.832716e-01 22.284
20 3 5 4000000 0.0098285 3960686 1.079434e-01 1.090566e-01 30.128
20 3 6 4000000 0.0156687 3937325 7.516345e-02 7.540330e-02 40.906
20 3 7 4000000 0.023839 3904644 5.609287e-02 5.584729e-02 55.040
20 3 8 4000000 0.0354037 3858385 4.381074e-02 4.445160e-02 76.063
20 3 9 4000000 0.0523597 3790561 3.554699e-02 3.570193e-02 104.257
20 3 10 4000000 0.0773645 3690542 2.923322e-02 2.919928e-02 144.433
20 3 11 4000000 0.115515 3537938 2.399696e-02 2.402512e-02 203.289
20 3 12 4000000 0.175067 3299733 1.913289e-02 1.915453e-02 284.313
20 3 13 4000000 0.266128 2935486 1.445769e-02 1.447851e-02 384.880
20 3 14 4000000 0.396557 2413771 1.005656e-02 1.007800e-02 487.648
20 3 15 4000000 0.565958 1736170 6.167139e-03 6.136951e-03 551.151
20 3 16 4000000 0.750387 998450 3.021114e-03 3.038202e-03 524.318
20 3 17 4000000 0.902789 388845 1.012958e-03 1.010926e-03 373.023
20 3 18 4000000 0.982443 70227 1.318907e-04 1.301153e-04 142.656
20 4 2 4000000 0.00021525 3999139 1.000000e+00 5.579268e-01 1.049
20 4 3 4000000 0.00067025 3997319 3.351750e-01 1.516303e-01 1.539
20 4 4 4000000 0.0014115 3994354 1.764819e-01 1.167327e-01 3.532
20 4 5 4000000 0.0025635 3989746 1.070832e-01 1.104020e-01 7.840
20 4 6 4000000 0.00441325 3982347 7.605176e-02 6.882919e-02 10.328
20 4 7 4000000 0.007482 3970072 5.669738e-02 5.685749e-02 17.168
20 4 8 4000000 0.0129233 3948307 4.555954e-02 4.558502e-02 27.611
20 4 9 4000000 0.0235073 3905971 3.571268e-02 3.516588e-02 44.394
20 4 10 4000000 0.0455972 3817611 2.652961e-02 2.608143e-02 72.728
20 4 11 4000000 0.0935705 3625718 1.781332e-02 1.818297e-02 119.098
20 4 12 4000000 0.191065 3235740 1.049811e-02 1.051502e-02 164.753
20 4 13 4000000 0.363972 2544112 4.791372e-03 4.747807e-03 176.303
20 4 14 4000000 0.605311 1578756 1.241192e-03 1.231671e-03 106.332
20 4 15 4000000 0.838358 646569 -2.174496e-04 -2.114696e-04 -43.736
20 4 16 4000000 0.967724 129103 -2.462722e-04 -2.451568e-04 -144.650
20 4 17 4000000 0.998235 7059 -2.928237e-05 -3.275588e-05 -87.298
20 5 2 4000000 6.7e-05 3999732 1.000000e+00 4.166169e+00 2.435
20 5 3 4000000 0.000214 3999144 3.414330e-01 4.016615e-01 1.299
20 5 4 4000000 0.00049725 3998011 1.789062e-01 1.688286e-01 1.794
20 5 5 4000000 0.000923 3996308 1.143301e-01 1.368653e-01 3.489
20 5 6 4000000 0.0018665 3992534 7.993214e-02 9.300711e-02 5.878
20 5 7 4000000 0.004129 3983484 5.684608e-02 5.016780e-02 8.324
20 5 8 4000000 0.0107963 3956815 3.777105e-02 3.540868e-02 17.833
20 5 9 4000000 0.0309005 3876398 2.122655e-02 2.062618e-02 34.184
20 5 10 4000000 0.0893165 3642734 8.866040e-03 8.956389e-03 49.779
20 5 11 4000000 0.229044 3083826 1.343921e-03 1.338989e-03 23.196
20 5 12 4000000 0.477686 2089255 -1.928694e-03 -1.976179e-03 -97.010
20 5 13 4000000 0.764703 941187 -2.093392e-03 -2.101690e-03 -275.202
20 5 14 4000000 0.944853 220589 -8.960004e-04 -8.900302e-04 -326.699
20 5 15 4000000 0.995303 18788 -1.503596e-04 -1.274277e-04 -176.560
20 5 16 4000000 0.999914 346 -6.114418e-06 -3.641426e-06 -37.278
20 6 2 4000000 2.225e-05 3999911 1.000000e+00 3.289995e+00 0.638
20 6 3 4000000 8.85e-05 3999646 3.543180e-01 1.342794e+00 1.795
20 6 4 4000000 0.00020625 3999175 1.795575e-01 -5.459355e-02 -0.241
20 6 5 4000000 0.00057375 3997705 1.135699e-01 1.869385e-01 2.960
20 6 6 4000000 0.0017355 3993058 6.945759e-02 3.221477e-02 1.891
20 6 7 4000000 0.006607 3973572 3.542402e-02 3.958455e-02 10.511
20 6 8 4000000 0.0272893 3890843 1.220736e-02 1.245641e-02 15.986
20 6 9 4000000 0.10123 3595081 -8.676894e-04 -7.470826e-04 -4.229
20 6 10 4000000 0.29284 2828640 -5.719549e-03 -5.654360e-03 -118.970
20 6 11 4000000 0.602232 1591073 -5.241992e-03 -5.204120e-03 -342.143
20 6 12 4000000 0.873661 505356 -2.499836e-03 -2.499135e-03 -473.579
20 6 13 4000000 0.982639 69442 -5.251891e-04 -5.332262e-04 -328.275
20 6 14 4000000 0.99929 2840 -3.092790e-05 -3.250149e-05 -100.506
20 6 15 4000000 0.999993 26 5.579401e-06 -3.843562e-07 -12.891
20 8 2 4000000 7.75e-06 3999969 1.000000e+00 -8.758065e+00 -0.592
20 8 3 4000000 3.975e-05 3999841 3.339448e-01 3.579665e-01 0.215
20 8 4 4000000 0.00018675 3999253 1.607634e-01 1.290347e-02 0.051
20 8 5 4000000 0.00159075 3993637 5.279546e-02 8.172573e-02 3.591
20 8 6 4000000 0.0134565 3946174 2.566913e-03 3.384878e-03 1.552
20 8 7 4000000 0.0841342 3663463 -1.536732e-02 -1.562811e-02 -55.724
20 8 8 4000000 0.319573 2721707 -1.539403e-02 -1.534488e-02 -288.053
20 8 9 4000000 0.690962 1236153 -8.496916e-03 -8.485712e-03 -602.249
20 8 10 4000000 0.936304 254783 -2.432527e-03 -2.423893e-03 -578.307
20 8 11 4000000 0.995494 18025 -2.377361e-04 -2.506513e-04 -254.384
20 8 12 4000000 0.999919 325 -1.840427e-06 -6.155803e-06 -47.173
20 8 13 4000000 1 1 1.616560e-05 -3.365385e-08 nan
20 10 2 4000000 5.25e-06 3999979 1.000000e+00 4.062857e+01 1.859
20 10 3 4000000 4.85e-05 3999806 3.030928e-01 -4.402062e-01 -0.322
20 10 4 4000000 0.00118575 3995257 5.738281e-02 9.849603e-02 2.497
20 10 5 4000000 0.0207797 3916881 -2.107099e-02 -2.049038e-02 -11.929
20 10 6 4000000 0.16539 3338440 -3.012020e-02 -3.028073e-02 -192.515
20 10 7 4000000 0.553998 1784006 -1.723787e-02 -1.720036e-02 -630.095
20 10 8 4000000 0.899679 401283 -4.964577e-03 -4.963043e-03 -736.607
20 10 9 4000000 0.993384 26463 -5.038207e-04 -4.744961e-04 -331.720
20 10 10 4000000 0.999911 356 -3.336741e-05 -9.046361e-06 -54.994
20 10 11 4000000 1 2 -6.101821e-06 -6.181821e-08 -5.667
20 12 2 4000000 9.75e-06 3999961 1.000000e+00 6.320513e+00 0.537
20 12 3 4000000 0.000309 3998764 1.829603e-01 4.212401e-01 1.966
20 12 4 4000000 0.016329 3934684 -3.463887e-02 -3.554312e-02 -12.565
20 12 5 4000000 0.203173 3187309 -4.359542e-02 -4.367391e-02 -292.613
20 12 6 4000000 0.680351 1278594 -1.814912e-02 -1.811454e-02 -852.713
20 12 7 4000000 0.962763 148946 -2.885833e-03 -2.877902e-03 -668.406
20 12 8 4000000 0.999245 3021 -9.617085e-05 -8.610744e-05 -161.880
20 12 9 4000000 0.999998 7 3.224456e-05 -3.032413e-07 -14.350
20 14 2 4000000 3.175e-05 3999873 1.000000e+00 -3.403825e+00 -0.942
20 14 3 4000000 0.00404925 3983803 3.945077e-02 1.924323e-02 1.182
20 14 4 4000000 0.164436 3342258 -6.674969e-02 -6.666239e-02 -276.903
20 14 5 4000000 0.709276 1162897 -2.313693e-02 -2.309328e-02 -1028.219
20 14 6 4000000 0.981109 75565 -2.183074e-03 -2.142765e-03 -634.934
20 14 7 4000000 0.999877 490 -1.969346e-05 -2.040499e-05 -82.742
20 16 2 4000000 0.0002065 3999174 1.000000e+00 1.856538e+00 3.349
20 16 3 4000000 0.069167 3723332 -9.584562e-02 -9.606663e-02 -110.398
20 16 4 4000000 0.663015 1347938 -3.848789e-02 -3.836623e-02 -1270.158
20 16 5 4000000 0.987304 50785 -2.106906e-03 -2.100291e-03 -700.856
24 3 2 4000000 0.00049775 3998009 1.000000e+00 1.336753e+00 6.420
24 3 3 4000000 0.0015175 3993930 3.430716e-01 3.574854e-01 9.079
24 3 4 4000000 0.00310825 3987567 1.733725e-01 1.662945e-01 12.258
24 3 5 4000000 0.00532975 3978681 1.062370e-01 9.871052e-02 16.137
24 3 6 4000000 0.008362 3966552 7.250942e-02 7.118901e-02 22.428
24 3 7 4000000 0.012356 3950576 5.331845e-02 5.291287e-02 29.272
24 3 8 4000000 0.0173875 3930450 4.165104e-02 4.095267e-02 37.007
24 3 9 4000000 0.0243322 3902671 3.419705e-02 3.387208e-02 48.914
24 3 10 4000000 0.033542 3865832 2.866197e-02 2.851723e-02 64.056
24 3 11 4000000 0.046359 3814564 2.442543e-02 2.467957e-02 85.884
24 3 12 4000000 0.0645653 3741739 2.132237e-02 2.128509e-02 115.019
24 3 13 4000000 0.091377 3634492 1.833192e-02 1.841279e-02 157.042
24 3 14 4000000 0.130915 3476338 1.564647e-02 1.562385e-02 213.778
24 3 15 4000000 0.190813 3236747 1.287492e-02 1.287834e-02 290.801
24 3 16 4000000 0.277859 2888565 1.010527e-02 1.012631e-02 384.673
24 3 17 4000000 0.397298 2410808 7.353928e-03 7.355088e-03 474.896
24 3 18 4000000 0.548558 1805767 4.830314e-03 4.825816e-03 538.724
24 3 19 4000000 0.713724 1145105 2.713607e-03 2.728816e-03 538.405
24 3 20 4000000 0.860252 558990 1.197303e-03 1.193452e-03 438.915
24 3 21 4000000 0.955874 176505 3.305291e-04 3.273275e-04 258.316
24 3 22 4000000 0.993868 24530 2.104277e-05 3.049883e-05 76.214
24 4 2 4000000 8.85e-05 3999646 1.000000e+00 1.896328e+00 1.612
24 4 3 4000000 0.000295 3998820 3.384746e-01 3.556780e-01 1.744
24 4 4 4000000 0.00063125 3997475 1.715644e-01 9.384158e-02 1.394
24 4 5 4000000 0.00109275 3995629 1.065614e-01 9.538550e-02 3.170
24 4 6 4000000 0.00181275 3992749 7.372225e-02 9.389877e-02 6.343
24 4 7 4000000 0.002731 3989076 5.382774e-02 5.314380e-02 6.404
24 4 8 4000000 0.004161 3983356 4.332385e-02 4.451261e-02 9.455
24 4 9 4000000 0.006301 3974796 3.565109e-02 4.035636e-02 14.751
24 4 10 4000000 0.00997 3960120 3.059111e-02 2.871698e-02 18.637
24 4 11 4000000 0.0166848 3933261 2.574964e-02 2.617861e-02 31.639
24 4 12 4000000 0.030236 3879056 2.079836e-02 2.059120e-02 49.998
24 4 13 4000000 0.058194 3767224 1.559238e-02 1.553573e-02 80.602
24 4 14 4000000 0.114422 3542312 1.065969e-02 1.076351e-02 123.298
24 4 15 4000000 0.21877 3124922 6.274419e-03 6.295648e-03 158.993
24 4 16 4000000 0.388097 2447610 3.006970e-03 3.010928e-03 164.880
24 4 17 4000000 0.60762 1569521 9.227054e-04 9.097175e-04 105.381
24 4 18 4000000 0.817905 728382 -3.774171e-05 -3.896135e-05 -9.641
24 4 19 4000000 0.94914 203440 -2.017473e-04 -1.870322e-04 -110.032
24 4 20 4000000 0.993706 25177 -5.001891e-05 -5.738183e-05 -105.118
24 4 21 4000000 0.999799 805 -3.828985e-06 -3.465340e-06 -36.201
24 5 2 4000000 2.5e-05 3999900 1.000000e+00 -6.094737e+00 -1.461
24 5 3 4000000 7.65e-05 3999694 3.367733e-01 -9.349157e-01 -1.188
24 5 4 4000000 0.00015675 3999373 1.737430e-01 6.500630e-01 2.397
24 5 5 4000000 0.00028875 3998845 1.107587e-01 5.757849e-02 0.505
24 5 6 4000000 0.0004875 3998050 7.707854e-02 7.868502e-02 1.426
24 5 7 4000000 0.0008035 3996786 5.794106e-02 7.377404e-02 2.610
24 5 8 4000000 0.0015405 3993838 4.607624e-02 4.631296e-02 3.628
24 5 9 4000000 0.00325625 3986975 3.592524e-02 4.982295e-02 9.380
24 5 10 4000000 0.00776675 3968933 2.567099e-02 2.754149e-02 13.861
24 5 11 4000000 0.0211943 3915223 1.577021e-02 1.563165e-02 23.972
24 5 12 4000000 0.057514 3769944 7.920302e-03 7.434712e-03 34.658
24 5 13 4000000 0.145415 3418341 2.514484e-03 2.477639e-03 33.551
24 5 14 4000000 0.31636 2734559 -5.576327e-04 -5.686311e-04 -20.471
24 5 15 4000000 0.565048 1739806 -1.610080e-03 -1.625517e-03 -143.269
24 5 16 4000000 0.807635 769458 -1.332130e-03 -1.335450e-03 -275.607
24 5 17 4000000 0.950324 198705 -5.816427e-04 -5.742693e-04 -294.603
24 5 18 4000000 0.994073 23710 -1.152722e-04 -1.095392e-04 -176.326
24 5 19 4000000 0.999752 991 -1.353433e-05 -6.770329e-06 -56.140
24 5 20 4000000 0.999999 5 2.017454e-07 -4.800560e-08 -4.318
24 6 2 4000000 5e-06 3999980 1.000000e+00 2.771111e+01 1.328
24 6 3 4000000 2.2e-05 3999912 3.308081e-01 9.941077e-01 0.363
24 6 4 4000000 6e-05 3999760 1.811728e-01 1.331790e-01 0.188
24 6 5 4000000 0.000106 3999576 1.078092e-01 3.705451e-02 0.119
24 6 6 4000000 0.0002185 3999126 7.841342e-02 7.141283e-02 0.580
24 6 7 4000000 0.00053575 3997857 5.530742e-02 4.747585e-02 1.119
24 6 8 4000000 0.001678 3993288 3.726328e-02 2.714044e-02 2.316
24 6 9 4000000 0.00629175 3974833 1.871204e-02 2.016873e-02 7.340
24 6 10 4000000 0.0233195 3906722 6.688304e-03 6.137078e-03 9.351
24 6 11 4000000 0.0785342 3685863 -7.720559e-04 -6.308063e-04 -3.704
24 6 12 4000000 0.217939 3128243 -3.971317e-03 -3.957058e-03 -77.503
24 6 13 4000000 0.464947 2140213 -4.260181e-03 -4.294610e-03 -240.211
24 6 14 4000000 0.744971 1020117 -2.844429e-03 -2.847610e-03 -407.310
24 6 15 4000000 0.928198 287207 -1.165841e-03 -1.153136e-03 -419.701
24 6 16 4000000 0.99013 39480 -2.367025e-04 -2.333485e-04 -256.986
24 6 17 4000000 0.999468 2129 -1.803043e-05 -1.769283e-05 -85.520
24 6 18 4000000 0.999992 31 -6.802703e-06 -3.302495e-07 -12.984
24 6 19 4000000 1 0 -1.362476e-05 nan nan
24 8 2 4000000 1.75e-06 3999993 1.000000e+00 3.018750e+01 0.507
24 8 3 4000000 4.5e-06 3999982 3.333333e-01 1.020833e+00 0.076
24 8 4 4000000 1.375e-05 3999945 1.698864e-01 2.210227e-01 0.071
24 8 5 4000000 7.525e-05 3999699 1.020556e-01 -1.473214e-01 -0.336
24 8 6 4000000 0.00046925 3998123 4.158897e-02 -2.024507e-03 -0.035
24 8 7 4000000 0.0035325 3985870 8.003488e-03 1.216384e-02 1.895
24 8 8 4000000 0.0228222 3908711 -7.424933e-03 -6.597669e-03 -7.754
24 8 9 4000000 0.105641 3577434 -1.234060e-02 -1.213106e-02 -79.193
24 8 10 4000000 0.326371 2694517 -1.084328e-02 -1.086263e-02 -289.161
24 8 11 4000000 0.651612 1393554 -6.467767e-03 -6.505914e-03 -545.522
24 8 12 4000000 0.898835 404659 -2.444641e-03 -2.456626e-03 -583.279
24 8 13 4000000 0.9861 55601 -4.791732e-04 -4.694894e-04 -352.621
24 8 14 4000000 0.999277 2894 -5.023243e-05 -3.358972e-05 -116.203
24 8 15 4000000 0.999989 42 -8.317498e-06 -6.647391e-07 -20.931
24 8 16 4000000 1 0 7.226563e-08 nan nan
24 8 17 4000000 1 0 -9.897403e-06 nan nan
24 10 2 4000000 1e-06 3999996 1.000000e+00 7.165714e+01 0.687
24 10 3 4000000 3.5e-06 3999986 3.632653e-01 -7.563265e+00 -0.440
24 10 4 4000000 3.075e-05 3999877 1.342625e-01 1.123810e+00 0.812
24 10 5 4000000 0.00049975 3998001 2.978632e-02 1.821482e-02 0.276
24 10 6 4000000 0.0071725 3971310 -1.289927e-02 -9.645969e-03 -2.584
24 10 7 4000000 0.059861 3760556 -2.263403e-02 -2.261610e-02 -62.186
24 10 8 4000000 0.265711 2937158 -1.848122e-02 -1.840210e-02 -303.082
24 10 9 4000000 0.629347 1482612 -9.912241e-03 -9.913983e-03 -640.078
24 10 10 4000000 0.905811 376755 -3.209731e-03 -3.185385e-03 -660.713
24 10 11 4000000 0.990291 38835 -4.688272e-04 -4.548953e-04 -347.042
24 10 12 4000000 0.999668 1326 -2.109011e-05 -2.122067e-05 -90.196
24 10 13 4000000 0.999997 10 -1.140607e-05 -2.285720e-07 -9.834
24 10 14 4000000 1 0 -4.830455e-06 nan nan
24 10 15 4000000 1 0 -1.047469e-05 nan nan
24 12 2 4000000 7.5e-07 3999997 1.000000e+00 -1.502778e+02 -1.081
24 12 3 4000000 7e-06 3999972 3.075397e-01 -2.559524e-01 -0.030
24 12 4 4000000 0.000261 3998956 5.648680e-02 6.342327e-01 3.888
24 12 5 4000000 0.0080475 3967810 -2.601274e-02 -2.830227e-02 -6.950
24 12 6 4000000 0.0921925 3631230 -3.399156e-02 -3.361562e-02 -123.904
24 12 7 4000000 0.402604 2389586 -2.086644e-02 -2.086062e-02 -515.457
24 12 8 4000000 0.800966 796136 -7.796020e-03 -7.760941e-03 -790.522
24 12 9 4000000 0.974721 101116 -1.334931e-03 -1.345498e-03 -524.343
24 12 10 4000000 0.999052 3791 -8.314083e-05 -6.966881e-05 -151.127
24 12 11 4000000 0.999993 28 2.648049e-05 -6.583379e-07 -17.938
24 12 12 4000000 1 0 -1.685859e-05 nan nan
24 12 13 4000000 1 0 -7.334402e-06 nan nan
24 14 2 4000000 0 4000000 nan nan -1.117
24 14 3 4000000 4.05e-05 3999838 2.095238e-01 1.954850e+00 1.315
24 14 4 4000000 0.00393175 3984273 -2.751774e-02 -4.171171e-03 -0.387
24 14 5 4000000 0.0874927 3650029 -4.734348e-02 -4.713679e-02 -135.149
24 14 6 4000000 0.455389 2178444 -2.515273e-02 -2.523384e-02 -640.754
24 14 7 4000000 0.867872 528511 -7.084019e-03 -7.061477e-03 -849.470
24 14 8 4000000 0.990873 36509 -6.852823e-04 -6.908824e-04 -404.802
24 14 9 4000000 0.999854 582 1.339481e-06 -1.558798e-05 -82.067
24 14 10 4000000 1 1 4.345239e-06 -2.714286e-08 nan
24 14 11 4000000 1 0 -1.790390e-06 nan nan
24 16 2 4000000 1.25e-06 3999995 1.000000e+00 -8.098750e+01 -0.971
24 16 3 4000000 0.000453 3998188 8.602373e-02 1.924669e-02 0.145
24 16 4 4000000 0.0476997 3809201 -6.758503e-02 -6.841182e-02 -80.433
24 16 5 4000000 0.415183 2339270 -3.577160e-02 -3.583822e-02 -667.353
24 16 6 4000000 0.879719 481123 -8.389573e-03 -8.369122e-03 -937.200
24 16 7 4000000 0.994908 20369 -4.989470e-04 -5.139901e-04 -363.183
24 16 8 4000000 0.999968 130 1.363772e-05 -4.520794e-06 -40.682
24 16 9 4000000 1 0 -4.739583e-07 nan nan
24 20 2 4000000 9.6e-05 3999616 1.000000e+00 -9.057292e-01 -0.835
24 20 3 4000000 0.107637 3569450 -1.131908e-01 -1.130963e-01 -236.003
24 20 4 4000000 0.767018 931929 -2.779520e-02 -2.773909e-02 -1445.043
24 20 5 4000000 0.995125 19501 -8.599424e-04 -8.781989e-04 -528.125
32 3 2 4000000 0.00020125 3999195 1.000000e+00 1.158092e+00 2.604
32 3 3 4000000 0.0006055 3997578 3.355923e-01 3.852520e-01 4.512
32 3 4 4000000 0.00123225 3995071 1.708281e-01 1.824568e-01 6.158
32 3 5 4000000 0.0020845 3991662 1.035883e-01 1.033457e-01 7.628
32 3 6 4000000 0.0032345 3987062 6.947286e-02 6.992962e-02 9.813
32 3 7 4000000 0.00458525 3981659 5.107877e-02 4.460314e-02 10.516
32 3 8 4000000 0.0063435 3974626 3.984465e-02 3.705887e-02 13.973
32 3 9 4000000 0.0084305 3966278 3.134570e-02 3.281909e-02 18.688
32 3 10 4000000 0.0109135 3956346 2.563253e-02 2.466863e-02 20.367
32 3 11 4000000 0.014015 3943940 2.169974e-02 2.090608e-02 24.586
32 3 12 4000000 0.0177733 3928907 1.909641e-02 1.959764e-02 32.126
32 3 13 4000000 0.0224773 3910091 1.687044e-02 1.617597e-02 36.625
32 3 14 4000000 0.0282692 3886923 1.506553e-02 1.559255e-02 48.226
32 3 15 4000000 0.036329 3854684 1.390216e-02 1.411864e-02 60.774
32 3 16 4000000 0.0465493 3813803 1.282284e-02 1.238884e-02 73.760
32 3 17 4000000 0.0607 3757200 1.180565e-02 1.182694e-02 99.166
32 3 18 4000000 0.080785 3676860 1.082579e-02 1.090484e-02 131.565
32 3 19 4000000 0.109184 3563265 9.812007e-03 9.729536e-03 171.995
32 3 20 4000000 0.149515 3401940 8.651352e-03 8.653359e-03 229.092
32 3 21 4000000 0.207284 3170863 7.371347e-03 7.378529e-03 298.974
32 3 22 4000000 0.286483 2854068 5.999859e-03 5.970368e-03 375.077
32 3 23 4000000 0.390248 2439009 4.642455e-03 4.632561e-03 456.931
32 3 24 4000000 0.516239 1935042 3.349911e-03 3.338894e-03 519.059
32 3 25 4000000 0.655172 1379311 2.199503e-03 2.193740e-03 543.460
32 3 26 4000000 0.788695 845219 1.257453e-03 1.255443e-03 505.898
32 3 27 4000000 0.895868 416528 5.880164e-04 5.851489e-04 404.336
32 3 28 4000000 0.962596 149617 1.970238e-04 1.969321e-04 257.657
32 3 29 4000000 0.991784 32865 2.996277e-05 3.723434e-05 113.599
32 3 30 4000000 0.999272 2913 -7.616922e-07 2.023478e-06 22.771
32 4 2 4000000 2.675e-05 3999893 1.000000e+00 1.854473e+00 0.553
32 4 3 4000000 8.6e-05 3999656 3.438538e-01 9.678848e-01 1.607
32 4 4 4000000 0.0001775 3999290 1.714956e-01 4.352783e-02 0.211
32 4 5 4000000 0.000295 3998820 1.016465e-01 2.527845e-01 2.628
32 4 6 4000000 0.00047575 3998097 6.820809e-02 -3.098366e-02 -0.636
32 4 7 4000000 0.00065575 3997377 5.189830e-02 1.157474e-02 0.388
32 4 8 4000000 0.0009495 3996202 3.823441e-02 3.220008e-02 1.804
32 4 9 4000000 0.0012535 3994986 3.189324e-02 3.451922e-02 2.897
32 4 10 4000000 0.00168125 3993275 2.629988e-02 3.275766e-02 4.121
32 4 11 4000000 0.00226875 3990925 2.222604e-02 2.362162e-02 4.439
32 4 12 4000000 0.00294225 3988231 2.007880e-02 2.119296e-02 5.657
32 4 13 4000000 0.00407625 3983695 1.880072e-02 2.287148e-02 9.214
32 4 14 4000000 0.005715 3977140 1.705281e-02 2.061322e-02 12.597
32 4 15 4000000 0.008637 3965452 1.582670e-02 1.551354e-02 15.432
32 4 16 4000000 0.0138268 3944693 1.418648e-02 1.431447e-02 24.483
32 4 17 4000000 0.023854 3904584 1.199663e-02 1.267937e-02 40.179
32 4 18 4000000 0.043619 3825524 9.541452e-03 9.508305e-03 59.277
32 4 19 4000000 0.0811445 3675422 7.100800e-03 7.127347e-03 89.676
32 4 20 4000000 0.148445 3406222 4.867217e-03 4.846263e-03 122.877
32 4 21 4000000 0.258475 2966101 2.956146e-03 3.008201e-03 150.603
32 4 22 4000000 0.415961 2336154 1.541790e-03 1.549743e-03 148.936
32 4 23 4000000 0.604496 1582016 5.804790e-04 5.911776e-04 106.076
32 4 24 4000000 0.785759 856965 6.844112e-05 7.161057e-05 23.999
32 4 25 4000000 0.915044 339826 -9.673987e-05 -8.338922e-05 -54.698
32 4 26 4000000 0.978256 86975 -5.555916e-05 -6.387874e-05 -93.116
32 4 27 4000000 0.996961 12157 -1.689496e-05 -1.761734e-05 -72.909
32 4 28 4000000 0.999835 660 -7.130050e-06 -1.604573e-06 -29.488
32 4 29 4000000 0.999998 9 2.747015e-06 -4.292761e-08 -5.930
32 5 2 4000000 5.25e-06 3999979 1.000000e+00 -1.630370e+01 -0.953
32 5 3 4000000 1.9e-05 3999924 3.367122e-01 1.713190e+00 0.628
32 5 4 4000000 3.325e-05 3999867 1.644296e-01 -8.232247e-01 -0.746
32 5 5 4000000 5.225e-05 3999791 1.054971e-01 4.458550e-01 0.820
32 5 6 4000000 8.775e-05 3999649 7.089585e-02 4.913496e-01 1.861
32 5 7 4000000 0.00011225 3999551 5.506966e-02 -4.988628e-02 -0.286
32 5 8 4000000 0.00017875 3999285 4.258112e-02 4.125504e-02 0.435
32 5 9 4000000 0.0002345 3999062 3.397299e-02 2.609018e-01 4.094
32 5 10 4000000 0.00034725 3998611 2.752052e-02 -2.102836e-02 -0.546
32 5 11 4000000 0.00053225 3997871 2.573820e-02 6.632728e-03 0.292
32 5 12 4000000 0.00091075 3996357 2.287560e-02 2.962082e-02 2.443
32 5 13 4000000 0.00172075 3993117 1.982050e-02 2.745559e-02 4.659
32 5 14 4000000 0.0038735 3984506 1.519044e-02 1.574422e-02 6.503
32 5 15 4000000 0.009666 3961336 1.058407e-02 9.853466e-03 10.950
32 5 16 4000000 0.0246003 3901599 6.344234e-03 7.052528e-03 21.530
32 5 17 4000000 0.0603033 3758787 3.279928e-03 3.193538e-03 25.967
32 5 18 4000000 0.135491 3458037 9.923846e-04 9.684552e-04 19.662
32 5 19 4000000 0.271032 2915872 -3.523081e-04 -3.531469e-04 -16.619
32 5 20 4000000 0.467089 2131644 -9.289937e-04 -9.433065e-04 -95.372
32 5 21 4000000 0.685782 1256870 -9.578416e-04 -9.591065e-04 -197.101
32 5 22 4000000 0.862641 549437 -6.466721e-04 -6.484029e-04 -268.989
32 5 23 4000000 0.959718 161130 -2.807974e-04 -2.868466e-04 -257.048
32 5 24 4000000 0.992992 28033 -7.650187e-05 -7.270046e-05 -169.092
32 5 25 4000000 0.999365 2540 -2.805238e-06 -9.162262e-06 -73.482
32 5 26 4000000 0.99998 80 8.182956e-06 -3.844635e-07 -17.457
32 5 27 4000000 0.999999 3 1.161830e-06 -2.116178e-08 -4.151
32 5 28 4000000 1 0 -3.909700e-06 nan nan
32 6 2 4000000 1.5e-06 3999994 1.000000e+00 -8.064103e+01 -1.347
32 6 3 4000000 6.5e-06 3999974 3.451677e-01 9.838922e+00 1.233
32 6 4 4000000 7.25e-06 3999971 1.688771e-01 -4.094017e+00 -0.810
32 6 5 4000000 9.75e-06 3999961 9.901381e-02 1.084681e+00 0.373
32 6 6 4000000 2.05e-05 3999918 8.859704e-02 -4.265166e-02 -0.038
32 6 7 4000000 2.85e-05 3999886 5.850095e-02 2.291841e-01 0.333
32 6 8 4000000 4.625e-05 3999815 3.720424e-02 2.845065e-01 0.775
32 6 9 4000000 8.7e-05 3999652 3.901824e-02 5.439303e-02 0.316
32 6 10 4000000 0.00016025 3999359 3.094435e-02 1.343938e-01 1.610
32 6 11 4000000 0.00041825 3998327 2.176262e-02 2.664281e-03 0.092
32 6 12 4000000 0.00134525 3994619 1.462670e-02 2.111129e-02 2.574
32 6 13 4000000 0.004646 3981416 7.853461e-03 9.796696e-03 4.490
32 6 14 4000000 0.015536 3937856 2.578982e-03 2.963549e-03 4.941
32 6 15 4000000 0.0472067 3811173 -4.848686e-04 -2.623678e-04 -1.454
32 6 16 4000000 0.124446 3502216 -2.280600e-03 -2.180117e-03 -35.674
32 6 17 4000000 0.274631 2901476 -2.876506e-03 -2.882064e-03 -122.926
32 6 18 4000000 0.495607 2017572 -2.551563e-03 -2.547901e-03 -252.546
32 6 19 4000000 0.72868 1085282 -1.752252e-03 -1.762830e-03 -375.209
32 6 20 4000000 0.896825 412702 -8.918330e-04 -8.959868e-04 -403.050
32 6 21 4000000 0.974993 100027 -2.979470e-04 -2.977611e-04 -310.851
32 6 22 4000000 0.996461 14155 -5.275219e-05 -5.687757e-05 -166.079
32 6 23 4000000 0.999737 1053 -6.833435e-06 -5.565644e-06 -62.352
32 6 24 4000000 0.999992 31 2.762470e-06 -2.217594e-07 -12.744
32 6 25 4000000 1 1 5.403848e-06 -1.136752e-08 nan
32 6 26 4000000 1 0 -3.206154e-06 nan nan
32 6 27 4000000 1 0 1.215575e-07 nan nan
32 8 2 4000000 0 4000000 nan nan 0.356
32 8 3 4000000 0 4000000 nan nan 0.374
32 8 4 4000000 2.5e-07 3999999 1.944444e-01 -8.955556e+01 -0.610
32 8 5 4000000 5e-07 3999998 6.666667e-02 2.755000e+01 0.485
32 8 6 4000000 4e-06 3999984 7.638889e-02 9.409722e+00 1.624
32 8 7 4000000 1.125e-05 3999955 5.502646e-02 5.264550e-01 0.302
32 8 8 4000000 4.625e-05 3999815 3.059846e-02 3.360682e-01 0.915
32 8 9 4000000 0.0002925 3998830 1.426084e-02 -3.171494e-02 -0.620
32 8 10 4000000 0.001758 3992968 5.409135e-04 -2.982135e-03 -0.392
32 8 11 4000000 0.00935675 3962573 -5.127072e-03 -6.092345e-03 -4.734
32 8 12 4000000 0.0404033 3838387 -7.759933e-03 -7.830747e-03 -29.357
32 8 13 4000000 0.133249 3467004 -7.957405e-03 -7.977245e-03 -113.957
32 8 14 4000000 0.327692 2689234 -6.429479e-03 -6.423215e-03 -281.339
32 8 15 4000000 0.595382 1618474 -4.285104e-03 -4.257109e-03 -476.848
32 8 16 4000000 0.830221 679118 -2.149601e-03 -2.149104e-03 -559.118
32 8 17 4000000 0.95514 179439 -7.347874e-04 -7.368567e-04 -455.243
32 8 18 4000000 0.99315 27401 -1.408845e-04 -1.491541e-04 -254.002
32 8 19 4000000 0.999433 2269 -2.091147e-05 -1.611367e-05 -101.817
32 8 20 4000000 0.999977 90 -9.725000e-06 -8.057199e-07 -24.643
32 8 21 4000000 1 1 6.083335e-06 -1.388889e-08 nan
32 8 22 4000000 1 0 -6.966631e-06 nan nan
32 8 23 4000000 1 0 1.042770e-05 nan nan
32 8 24 4000000 1 0 1.634209e-06 nan nan
32 8 25 4000000 1 0 1.710278e-06 nan nan
32 10 2 4000000 0 4000000 nan nan -2.091
32 10 3 4000000 0 4000000 nan nan 1.371
32 10 4 4000000 7.5e-07 3999997 2.404040e-01 -3.501010e+00 -0.072
32 10 5 4000000 0 4000000 nan nan -0.825
32 10 6 4000000 7.25e-06 3999971 4.334378e-02 1.010211e+01 3.158
32 10 7 4000000 9.4e-05 3999624 1.326333e-02 1.686101e-01 0.809
32 10 8 4000000 0.00105725 3995771 -3.898254e-03 1.007699e-02 0.628
32 10 9 4000000 0.0083805 3966478 -1.330506e-02 -1.307195e-02 -7.362
32 10 10 4000000 0.0476015 3809594 -1.456402e-02 -1.443078e-02 -53.056
32 10 11 4000000 0.177555 3289780 -1.208442e-02 -1.209557e-02 -200.720
32 10 12 4000000 0.435943 2256230 -8.168225e-03 -8.158919e-03 -449.421
32 10 13 4000000 0.731991 1072035 -4.261317e-03 -4.261971e-03 -632.854
32 10 14 4000000 0.92216 311361 -1.554902e-03 -1.541876e-03 -577.879
32 10 15 4000000 0.987526 49894 -3.205954e-04 -3.241865e-04 -343.246
32 10 16 4000000 0.998987 4053 -4.908064e-05 -3.462478e-05 -134.166
32 10 17 4000000 0.999963 148 8.028372e-06 -1.587759e-06 -37.322
32 10 18 4000000 1 0 -2.200832e-06 nan nan
32 10 19 4000000 1 0 -8.414460e-06 nan nan
32 10 20 4000000 1 0 4.511579e-06 nan nan
32 10 21 4000000 1 0 -9.317403e-06 nan nan
32 10 22 4000000 1 0 4.753719e-06 nan nan
32 10 23 4000000 1 0 3.276608e-06 nan nan
32 12 2 4000000 0 4000000 nan nan 0.186
32 12 3 4000000 2.5e-07 3999999 6.444444e-01 -1.646000e+02 -0.794
32 12 4 4000000 2.5e-07 3999999 4.666667e-01 -6.893333e+01 -0.470
32 12 5 4000000 6e-06 3999976 6.444444e-02 -1.236667e+00 -0.261
32 12 6 4000000 0.00012625 3999495 3.969197e-03 1.072827e-02 0.058
32 12 7 4000000 0.002234 3991064 -1.868454e-02 -2.894800e-02 -3.304
32 12 8 4000000 0.0220535 3911786 -2.206895e-02 -2.161437e-02 -28.557
32 12 9 4000000 0.121559 3513763 -1.825642e-02 -1.835067e-02 -162.826
32 12 10 4000000 0.376066 2495735 -1.190906e-02 -1.190475e-02 -446.264
32 12 11 4000000 0.707608 1169567 -5.893968e-03 -5.881550e-03 -684.837
32 12 12 4000000 0.922573 309709 -1.919887e-03 -1.920670e-03 -623.249
32 12 13 4000000 0.98981 40762 -3.384801e-04 -3.341902e-04 -340.564
32 12 14 4000000 0.999377 2493 -2.378057e-05 -2.673736e-05 -113.712
32 12 15 4000000 0.999985 61 -5.827549e-06 -7.801706e-07 -21.460
32 12 16 4000000 1 2 8.816949e-06 -2.277779e-08 -2.412
32 12 17 4000000 1 0 1.801471e-06 nan nan
32 12 18 4000000 1 0 -1.597603e-06 nan nan
32 12 19 4000000 1 0 1.013060e-06 nan nan
32 12 20 4000000 1 0 -6.919298e-07 nan nan
32 12 21 4000000 1 0 -5.623016e-06 nan nan
32 14 2 4000000 0 4000000 nan nan 1.532
32 14 3 4000000 0 4000000 nan nan -1.428
32 14 4 4000000 1e-06 3999996 1.375661e-01 -3.247619e+01 -0.886
32 14 5 4000000 8.525e-05 3999659 1.666434e-03 -1.013825e-02 -0.030
32 14 6 4000000 0.00251925 3989923 -2.756290e-02 -1.230094e-02 -1.339
32 14 7 4000000 0.0334462 3866215 -2.932215e-02 -2.833909e-02 -49.663
32 14 8 4000000 0.189484 3242064 -2.090640e-02 -2.088328e-02 -269.563
32 14 9 4000000 0.527977 1888093 -1.127335e-02 -1.126821e-02 -623.303
32 14 10 4000000 0.846611 613558 -4.160318e-03 -4.171645e-03 -733.991
32 14 11 4000000 0.976187 95252 -8.460681e-04 -8.478561e-04 -477.130
32 14 12 4000000 0.998462 6152 -5.949265e-05 -7.227807e-05 -170.555
32 14 13 4000000 0.999962 153 -1.297211e-05 -2.328233e-06 -37.151
32 14 14 4000000 1 1 -6.120227e-06 -2.708007e-08 nan
32 14 15 4000000 1 0 5.430990e-06 nan nan
32 14 16 4000000 1 0 2.959524e-06 nan nan
32 14 17 4000000 1 0 -1.015873e-06 nan nan
32 14 18 4000000 1 0 -3.849362e-06 nan nan
32 14 19 4000000 1 0 3.788731e-06 nan nan
32 16 2 4000000 0 4000000 nan nan 0.668
32 16 3 4000000 0 4000000 nan nan 0.230
32 16 4 4000000 1.55e-05 3999938 4.670699e-02 -1.551747e+00 -0.656
32 16 5 4000000 0.0013655 3994538 -3.142393e-02 -2.294489e-02 -1.105
32 16 6 4000000 0.030716 3877136 -3.784082e-02 -3.781118e-02 -51.453
32 16 7 4000000 0.212406 3150375 -2.503690e-02 -2.513611e-02 -322.730
32 16 8 4000000 0.599345 1602620 -1.181099e-02 -1.181047e-02 -720.029
32 16 9 4000000 0.901819 392724 -3.437952e-03 -3.423056e-03 -726.230
32 16 10 4000000 0.990375 38501 -4.431130e-04 -4.543440e-04 -369.598
32 16 11 4000000 0.999672 1312 -3.260899e-05 -2.053571e-05 -96.652
32 16 12 4000000 0.999997 13 1.734097e-05 -2.874062e-07 -12.320
32 16 13 4000000 1 0 5.504808e-06 nan nan
32 16 14 4000000 1 0 1.316106e-05 nan nan
32 16 15 4000000 1 0 -1.571369e-05 nan nan
32 16 16 4000000 1 0 -3.637240e-06 nan nan
32 16 17 4000000 1 0 1.222748e-05 nan nan
32 20 2 4000000 0 4000000 nan nan 2.483
32 20 3 4000000 6.25e-06 3999975 1.200000e-01 -5.115556e+00 -0.617
32 20 4 4000000 0.003429 3986284 -5.544700e-02 -3.981562e-02 -3.737
32 20 5 4000000 0.105868 3576530 -4.743782e-02 -4.799641e-02 -197.182
32 20 6 4000000 0.520021 1919916 -2.069375e-02 -2.066289e-02 -746.246
32 20 7 4000000 0.902501 389998 -4.871662e-03 -4.866020e-03 -817.959
32 20 8 4000000 0.994325 22701 -4.008954e-04 -3.927456e-04 -340.761
32 20 9 4000000 0.99992 321 -1.731620e-06 -7.370962e-06 -57.979
32 20 10 4000000 1 0 6.954815e-06 nan nan
32 20 11 4000000 1 0 -2.845152e-05 nan nan
32 20 12 4000000 1 0 6.884343e-06 nan nan
32 20 13 4000000 1 0 2.953803e-05 nan nan
32 24 2 4000000 2.5e-07 3999999 1.000000e+00 -3.630000e+02 -1.011
32 24 3 4000000 0.001457 3994172 -3.410737e-02 -2.011363e-03 -0.057
32 24 4 4000000 0.172659 3309363 -6.340749e-02 -6.350997e-02 -356.879
32 24 5 4000000 0.735668 1057327 -1.763573e-02 -1.761191e-02 -1060.957
32 24 6 4000000 0.983135 67462 -1.545733e-03 -1.541001e-03 -602.740
32 24 7 4000000 0.99985 598 -8.324657e-06 -1.981645e-05 -91.297
32 24 8 4000000 1 1 -1.869197e-05 -4.613096e-08 nan
32 24 9 4000000 1 0 -4.452546e-06 nan nan
32 28 2 4000000 2.8e-05 3999888 1.000000e+00 5.783163e+00 1.804
32 28 3 4000000 0.192126 3231496 -1.062303e-01 -1.061150e-01 -517.532
32 28 4 4000000 0.878944 484224 -1.536889e-02 -1.530319e-02 -1506.242
32 28 5 4000000 0.998957 4173 -2.232043e-04 -2.074021e-04 -308.382
32 30 2 4000000 0.0020135 3991946 1.000000e+00 9.836437e-01 22.774
32 30 3 4000000 0.681513 1273948 -5.753594e-02 -5.760200e-02 -3064.306
