8 3 2 20000000 8002
8 3 3 20000000 8003
8 3 4 20000000 8004
8 3 5 20000000 8005
8 3 6 20000000 8006
10 3 2 20000000 10002
10 3 3 20000000 10003
10 3 4 20000000 10004
10 3 5 20000000 10005
10 3 6 20000000 10006
10 3 7 20000000 10007
10 3 8 20000000 10008
12 3 2 20000000 12002
12 3 3 20000000 12003
12 3 4 20000000 12004
12 3 5 20000000 12005
12 3 6 20000000 12006
12 3 7 20000000 12007
12 3 8 20000000 12008
12 3 9 20000000 12009
12 3 10 20000000 12010
16 3 2 20000000 16002
16 3 3 20000000 16003
16 3 4 20000000 16004
16 3 5 20000000 16005
16 3 6 20000000 16006
16 3 7 20000000 16007
16 3 8 20000000 16008
16 3 9 20000000 16009
16 3 10 20000000 16010
16 3 11 20000000 16011
16 3 12 20000000 16012
16 3 13 20000000 16013
16 3 14 20000000 16014
24 3 2 20000000 24002
24 3 3 20000000 24003
24 3 4 20000000 24004
24 3 5 20000000 24005
24 3 6 20000000 24006
24 3 7 20000000 24007
24 3 8 20000000 24008
24 3 9 20000000 24009
24 3 10 20000000 24010
24 3 11 20000000 24011
24 3 12 20000000 24012
24 3 13 20000000 24013
24 3 14 20000000 24014
24 3 15 20000000 24015
24 3 16 20000000 24016
24 3 17 20000000 24017
24 3 18 20000000 24018
24 3 19 20000000 24019
24 3 20 20000000 24020
24 3 21 20000000 24021
24 3 22 20000000 24022
32 3 2 20000000 32002
32 3 3 20000000 32003
32 3 4 20000000 32004
32 3 5 20000000 32005
32 3 6 20000000 32006
32 3 7 20000000 32007
32 3 8 20000000 32008
32 3 9 20000000 32009
32 3 10 20000000 32010
32 3 11 20000000 32011
32 3 12 20000000 32012
32 3 13 20000000 32013
32 3 14 20000000 32014
32 3 15 20000000 32015
32 3 16 20000000 32016
32 3 17 20000000 32017
32 3 18 20000000 32018
32 3 19 20000000 32019
32 3 20 20000000 32020
32 3 21 20000000 32021
32 3 22 20000000 32022
32 3 23 20000000 32023
32 3 24 20000000 32024
32 3 25 20000000 32025
32 3 26 20000000 32026
32 3 27 20000000 32027
32 3 28 20000000 32028
32 3 29 20000000 32029
32 3 30 20000000 32030
64 3 2 20000000 64002
64 3 3 20000000 64003
64 3 4 20000000 64004
64 3 5 20000000 64005
64 3 6 20000000 64006
64 3 7 20000000 64007
64 3 8 20000000 64008
64 3 9 20000000 64009
64 3 10 20000000 64010
64 3 11 20000000 64011
64 3 12 20000000 64012
64 3 13 20000000 64013
64 3 14 20000000 64014
64 3 15 20000000 64015
64 3 16 20000000 64016
64 3 17 20000000 64017
64 3 18 20000000 64018
64 3 19 20000000 64019
64 3 20 20000000 64020
64 3 21 20000000 64021
64 3 22 20000000 64022
64 3 23 20000000 64023
64 3 24 20000000 64024
64 3 25 20000000 64025
64 3 26 20000000 64026
64 3 27 20000000 64027
64 3 28 20000000 64028
64 3 29 20000000 64029
64 3 30 20000000 64030
64 3 31 20000000 64031
64 3 32 20000000 64032
64 3 33 20000000 64033
64 3 34 20000000 64034
64 3 35 20000000 64035
64 3 36 20000000 64036
64 3 37 20000000 64037
64 3 38 20000000 64038
64 3 39 20000000 64039
64 3 40 20000000 64040
64 3 41 20000000 64041
64 3 42 20000000 64042
64 3 43 20000000 64043
64 3 44 20000000 64044
64 3 45 20000000 64045
64 3 46 20000000 64046
64 3 47 20000000 64047
64 3 48 20000000 64048
64 3 49 20000000 64049
64 3 50 20000000 64050
64 3 51 20000000 64051
64 3 52 20000000 64052
64 3 53 20000000 64053
64 3 54 20000000 64054
64 3 55 20000000 64055
64 3 56 20000000 64056
64 3 57 20000000 64057
64 3 58 20000000 64058
64 3 59 20000000 64059
64 3 60 20000000 64060
64 3 61 20000000 64061
64 3 62 20000000 64062
256 3 160 4000000 256160
256 3 166 4000000 256166
256 3 172 4000000 256172
256 3 178 4000000 256178
256 3 184 4000000 256184
256 3 190 4000000 256190
256 3 196 4000000 256196
256 3 202 4000000 256202
256 3 208 4000000 256208
256 3 214 4000000 256214
256 3 220 4000000 256220
256 3 226 4000000 256226
256 3 232 4000000 256232
256 3 238 4000000 256238
256 3 244 4000000 256244
256 3 250 4000000 256250
1024 3 780 1000000 1024780
1024 3 800 1000000 1024800
1024 3 820 1000000 1024820
1024 3 840 1000000 1024840
1024 3 860 1000000 1024860
1024 3 880 1000000 1024880
1024 3 900 1000000 1024900
1024 3 920 1000000 1024920
