256 4 141 4000000 4141
256 4 154 4000000 4154
256 4 164 4000000 4164
256 4 174 4000000 4174
256 4 184 4000000 4184
256 4 195 4000000 4195
256 4 205 4000000 4205
256 4 215 4000000 4215
256 4 225 4000000 4225
256 5 141 4000000 5141
256 5 154 4000000 5154
256 5 164 4000000 5164
256 5 174 4000000 5174
256 5 184 4000000 5184
256 5 195 4000000 5195
256 5 205 4000000 5205
256 5 215 4000000 5215
256 5 225 4000000 5225
256 6 141 4000000 6141
256 6 154 4000000 6154
256 6 164 4000000 6164
256 6 174 4000000 6174
256 6 184 4000000 6184
256 6 195 4000000 6195
256 6 205 4000000 6205
256 6 215 4000000 6215
256 6 225 4000000 6225
1024 4 635 1000000 40635
1024 4 676 1000000 40676
1024 4 717 1000000 40717
1024 4 758 1000000 40758
1024 4 799 1000000 40799
1024 4 840 1000000 40840
1024 5 635 1000000 50635
1024 5 676 1000000 50676
1024 5 717 1000000 50717
1024 5 758 1000000 50758
1024 5 799 1000000 50799
1024 5 840 1000000 50840
