10 3 2 4000000 1000302
10 3 3 4000000 1000303
10 3 4 4000000 1000304
10 3 5 4000000 1000305
10 3 6 4000000 1000306
10 3 7 4000000 1000307
10 3 8 4000000 1000308
10 4 2 4000000 1000402
10 4 3 4000000 1000403
10 4 4 4000000 1000404
10 4 5 4000000 1000405
10 4 6 4000000 1000406
10 4 7 4000000 1000407
10 5 2 4000000 1000502
10 5 3 4000000 1000503
10 5 4 4000000 1000504
10 5 5 4000000 1000505
10 5 6 4000000 1000506
10 6 2 4000000 1000602
10 6 3 4000000 1000603
10 6 4 4000000 1000604
10 6 5 4000000 1000605
10 8 2 4000000 1000802
10 8 3 4000000 1000803
12 3 2 4000000 1200302
12 3 3 4000000 1200303
12 3 4 4000000 1200304
12 3 5 4000000 1200305
12 3 6 4000000 1200306
12 3 7 4000000 1200307
12 3 8 4000000 1200308
12 3 9 4000000 1200309
12 3 10 4000000 1200310
12 4 2 4000000 1200402
12 4 3 4000000 1200403
12 4 4 4000000 1200404
12 4 5 4000000 1200405
12 4 6 4000000 1200406
12 4 7 4000000 1200407
12 4 8 4000000 1200408
12 4 9 4000000 1200409
12 5 2 4000000 1200502
12 5 3 4000000 1200503
12 5 4 4000000 1200504
12 5 5 4000000 1200505
12 5 6 4000000 1200506
12 5 7 4000000 1200507
12 5 8 4000000 1200508
12 6 2 4000000 1200602
12 6 3 4000000 1200603
12 6 4 4000000 1200604
12 6 5 4000000 1200605
12 6 6 4000000 1200606
12 6 7 4000000 1200607
12 8 2 4000000 1200802
12 8 3 4000000 1200803
12 8 4 4000000 1200804
12 8 5 4000000 1200805
12 10 2 4000000 1201002
12 10 3 4000000 1201003
16 3 2 4000000 1600302
16 3 3 4000000 1600303
16 3 4 4000000 1600304
16 3 5 4000000 1600305
16 3 6 4000000 1600306
16 3 7 4000000 1600307
16 3 8 4000000 1600308
16 3 9 4000000 1600309
16 3 10 4000000 1600310
16 3 11 4000000 1600311
16 3 12 4000000 1600312
16 3 13 4000000 1600313
16 3 14 4000000 1600314
16 4 2 4000000 1600402
16 4 3 4000000 1600403
16 4 4 4000000 1600404
16 4 5 4000000 1600405
16 4 6 4000000 1600406
16 4 7 4000000 1600407
16 4 8 4000000 1600408
16 4 9 4000000 1600409
16 4 10 4000000 1600410
16 4 11 4000000 1600411
16 4 12 4000000 1600412
16 4 13 4000000 1600413
16 5 2 4000000 1600502
16 5 3 4000000 1600503
16 5 4 4000000 1600504
16 5 5 4000000 1600505
16 5 6 4000000 1600506
16 5 7 4000000 1600507
16 5 8 4000000 1600508
16 5 9 4000000 1600509
16 5 10 4000000 1600510
16 5 11 4000000 1600511
16 5 12 4000000 1600512
16 6 2 4000000 1600602
16 6 3 4000000 1600603
16 6 4 4000000 1600604
16 6 5 4000000 1600605
16 6 6 4000000 1600606
16 6 7 4000000 1600607
16 6 8 4000000 1600608
16 6 9 4000000 1600609
16 6 10 4000000 1600610
16 6 11 4000000 1600611
16 8 2 4000000 1600802
16 8 3 4000000 1600803
16 8 4 4000000 1600804
16 8 5 4000000 1600805
16 8 6 4000000 1600806
16 8 7 4000000 1600807
16 8 8 4000000 1600808
16 8 9 4000000 1600809
16 10 2 4000000 1601002
16 10 3 4000000 1601003
16 10 4 4000000 1601004
16 10 5 4000000 1601005
16 10 6 4000000 1601006
16 10 7 4000000 1601007
16 12 2 4000000 1601202
16 12 3 4000000 1601203
16 12 4 4000000 1601204
16 12 5 4000000 1601205
16 14 2 4000000 1601402
16 14 3 4000000 1601403
20 3 2 4000000 2000302
20 3 3 4000000 2000303
20 3 4 4000000 2000304
20 3 5 4000000 2000305
20 3 6 4000000 2000306
20 3 7 4000000 2000307
20 3 8 4000000 2000308
20 3 9 4000000 2000309
20 3 10 4000000 2000310
20 3 11 4000000 2000311
20 3 12 4000000 2000312
20 3 13 4000000 2000313
20 3 14 4000000 2000314
20 3 15 4000000 2000315
20 3 16 4000000 2000316
20 3 17 4000000 2000317
20 3 18 4000000 2000318
20 4 2 4000000 2000402
20 4 3 4000000 2000403
20 4 4 4000000 2000404
20 4 5 4000000 2000405
20 4 6 4000000 2000406
20 4 7 4000000 2000407
20 4 8 4000000 2000408
20 4 9 4000000 2000409
20 4 10 4000000 2000410
20 4 11 4000000 2000411
20 4 12 4000000 2000412
20 4 13 4000000 2000413
20 4 14 4000000 2000414
20 4 15 4000000 2000415
20 4 16 4000000 2000416
20 4 17 4000000 2000417
20 5 2 4000000 2000502
20 5 3 4000000 2000503
20 5 4 4000000 2000504
20 5 5 4000000 2000505
20 5 6 4000000 2000506
20 5 7 4000000 2000507
20 5 8 4000000 2000508
20 5 9 4000000 2000509
20 5 10 4000000 2000510
20 5 11 4000000 2000511
20 5 12 4000000 2000512
20 5 13 4000000 2000513
20 5 14 4000000 2000514
20 5 15 4000000 2000515
20 5 16 4000000 2000516
20 6 2 4000000 2000602
20 6 3 4000000 2000603
20 6 4 4000000 2000604
20 6 5 4000000 2000605
20 6 6 4000000 2000606
20 6 7 4000000 2000607
20 6 8 4000000 2000608
20 6 9 4000000 2000609
20 6 10 4000000 2000610
20 6 11 4000000 2000611
20 6 12 4000000 2000612
20 6 13 4000000 2000613
20 6 14 4000000 2000614
20 6 15 4000000 2000615
20 8 2 4000000 2000802
20 8 3 4000000 2000803
20 8 4 4000000 2000804
20 8 5 4000000 2000805
20 8 6 4000000 2000806
20 8 7 4000000 2000807
20 8 8 4000000 2000808
20 8 9 4000000 2000809
20 8 10 4000000 2000810
20 8 11 4000000 2000811
20 8 12 4000000 2000812
20 8 13 4000000 2000813
20 10 2 4000000 2001002
20 10 3 4000000 2001003
20 10 4 4000000 2001004
20 10 5 4000000 2001005
20 10 6 4000000 2001006
20 10 7 4000000 2001007
20 10 8 4000000 2001008
20 10 9 4000000 2001009
20 10 10 4000000 2001010
20 10 11 4000000 2001011
20 12 2 4000000 2001202
20 12 3 4000000 2001203
20 12 4 4000000 2001204
20 12 5 4000000 2001205
20 12 6 4000000 2001206
20 12 7 4000000 2001207
20 12 8 4000000 2001208
20 12 9 4000000 2001209
20 14 2 4000000 2001402
20 14 3 4000000 2001403
20 14 4 4000000 2001404
20 14 5 4000000 2001405
20 14 6 4000000 2001406
20 14 7 4000000 2001407
20 16 2 4000000 2001602
20 16 3 4000000 2001603
20 16 4 4000000 2001604
20 16 5 4000000 2001605
24 3 2 4000000 2400302
24 3 3 4000000 2400303
24 3 4 4000000 2400304
24 3 5 4000000 2400305
24 3 6 4000000 2400306
24 3 7 4000000 2400307
24 3 8 4000000 2400308
24 3 9 4000000 2400309
24 3 10 4000000 2400310
24 3 11 4000000 2400311
24 3 12 4000000 2400312
24 3 13 4000000 2400313
24 3 14 4000000 2400314
24 3 15 4000000 2400315
24 3 16 4000000 2400316
24 3 17 4000000 2400317
24 3 18 4000000 2400318
24 3 19 4000000 2400319
24 3 20 4000000 2400320
24 3 21 4000000 2400321
24 3 22 4000000 2400322
24 4 2 4000000 2400402
24 4 3 4000000 2400403
24 4 4 4000000 2400404
24 4 5 4000000 2400405
24 4 6 4000000 2400406
24 4 7 4000000 2400407
24 4 8 4000000 2400408
24 4 9 4000000 2400409
24 4 10 4000000 2400410
24 4 11 4000000 2400411
24 4 12 4000000 2400412
24 4 13 4000000 2400413
24 4 14 4000000 2400414
24 4 15 4000000 2400415
24 4 16 4000000 2400416
24 4 17 4000000 2400417
24 4 18 4000000 2400418
24 4 19 4000000 2400419
24 4 20 4000000 2400420
24 4 21 4000000 2400421
24 5 2 4000000 2400502
24 5 3 4000000 2400503
24 5 4 4000000 2400504
24 5 5 4000000 2400505
24 5 6 4000000 2400506
24 5 7 4000000 2400507
24 5 8 4000000 2400508
24 5 9 4000000 2400509
24 5 10 4000000 2400510
24 5 11 4000000 2400511
24 5 12 4000000 2400512
24 5 13 4000000 2400513
24 5 14 4000000 2400514
24 5 15 4000000 2400515
24 5 16 4000000 2400516
24 5 17 4000000 2400517
24 5 18 4000000 2400518
24 5 19 4000000 2400519
24 5 20 4000000 2400520
24 6 2 4000000 2400602
24 6 3 4000000 2400603
24 6 4 4000000 2400604
24 6 5 4000000 2400605
24 6 6 4000000 2400606
24 6 7 4000000 2400607
24 6 8 4000000 2400608
24 6 9 4000000 2400609
24 6 10 4000000 2400610
24 6 11 4000000 2400611
24 6 12 4000000 2400612
24 6 13 4000000 2400613
24 6 14 4000000 2400614
24 6 15 4000000 2400615
24 6 16 4000000 2400616
24 6 17 4000000 2400617
24 6 18 4000000 2400618
24 6 19 4000000 2400619
24 8 2 4000000 2400802
24 8 3 4000000 2400803
24 8 4 4000000 2400804
24 8 5 4000000 2400805
24 8 6 4000000 2400806
24 8 7 4000000 2400807
24 8 8 4000000 2400808
24 8 9 4000000 2400809
24 8 10 4000000 2400810
24 8 11 4000000 2400811
24 8 12 4000000 2400812
24 8 13 4000000 2400813
24 8 14 4000000 2400814
24 8 15 4000000 2400815
24 8 16 4000000 2400816
24 8 17 4000000 2400817
24 10 2 4000000 2401002
24 10 3 4000000 2401003
24 10 4 4000000 2401004
24 10 5 4000000 2401005
24 10 6 4000000 2401006
24 10 7 4000000 2401007
24 10 8 4000000 2401008
24 10 9 4000000 2401009
24 10 10 4000000 2401010
24 10 11 4000000 2401011
24 10 12 4000000 2401012
24 10 13 4000000 2401013
24 10 14 4000000 2401014
24 10 15 4000000 2401015
24 12 2 4000000 2401202
24 12 3 4000000 2401203
24 12 4 4000000 2401204
24 12 5 4000000 2401205
24 12 6 4000000 2401206
24 12 7 4000000 2401207
24 12 8 4000000 2401208
24 12 9 4000000 2401209
24 12 10 4000000 2401210
24 12 11 4000000 2401211
24 12 12 4000000 2401212
24 12 13 4000000 2401213
24 14 2 4000000 2401402
24 14 3 4000000 2401403
24 14 4 4000000 2401404
24 14 5 4000000 2401405
24 14 6 4000000 2401406
24 14 7 4000000 2401407
24 14 8 4000000 2401408
24 14 9 4000000 2401409
24 14 10 4000000 2401410
24 14 11 4000000 2401411
24 16 2 4000000 2401602
24 16 3 4000000 2401603
24 16 4 4000000 2401604
24 16 5 4000000 2401605
24 16 6 4000000 2401606
24 16 7 4000000 2401607
24 16 8 4000000 2401608
24 16 9 4000000 2401609
24 20 2 4000000 2402002
24 20 3 4000000 2402003
24 20 4 4000000 2402004
24 20 5 4000000 2402005
32 3 2 4000000 3200302
32 3 3 4000000 3200303
32 3 4 4000000 3200304
32 3 5 4000000 3200305
32 3 6 4000000 3200306
32 3 7 4000000 3200307
32 3 8 4000000 3200308
32 3 9 4000000 3200309
32 3 10 4000000 3200310
32 3 11 4000000 3200311
32 3 12 4000000 3200312
32 3 13 4000000 3200313
32 3 14 4000000 3200314
32 3 15 4000000 3200315
32 3 16 4000000 3200316
32 3 17 4000000 3200317
32 3 18 4000000 3200318
32 3 19 4000000 3200319
32 3 20 4000000 3200320
32 3 21 4000000 3200321
32 3 22 4000000 3200322
32 3 23 4000000 3200323
32 3 24 4000000 3200324
32 3 25 4000000 3200325
32 3 26 4000000 3200326
32 3 27 4000000 3200327
32 3 28 4000000 3200328
32 3 29 4000000 3200329
32 3 30 4000000 3200330
32 4 2 4000000 3200402
32 4 3 4000000 3200403
32 4 4 4000000 3200404
32 4 5 4000000 3200405
32 4 6 4000000 3200406
32 4 7 4000000 3200407
32 4 8 4000000 3200408
32 4 9 4000000 3200409
32 4 10 4000000 3200410
32 4 11 4000000 3200411
32 4 12 4000000 3200412
32 4 13 4000000 3200413
32 4 14 4000000 3200414
32 4 15 4000000 3200415
32 4 16 4000000 3200416
32 4 17 4000000 3200417
32 4 18 4000000 3200418
32 4 19 4000000 3200419
32 4 20 4000000 3200420
32 4 21 4000000 3200421
32 4 22 4000000 3200422
32 4 23 4000000 3200423
32 4 24 4000000 3200424
32 4 25 4000000 3200425
32 4 26 4000000 3200426
32 4 27 4000000 3200427
32 4 28 4000000 3200428
32 4 29 4000000 3200429
32 5 2 4000000 3200502
32 5 3 4000000 3200503
32 5 4 4000000 3200504
32 5 5 4000000 3200505
32 5 6 4000000 3200506
32 5 7 4000000 3200507
32 5 8 4000000 3200508
32 5 9 4000000 3200509
32 5 10 4000000 3200510
32 5 11 4000000 3200511
32 5 12 4000000 3200512
32 5 13 4000000 3200513
32 5 14 4000000 3200514
32 5 15 4000000 3200515
32 5 16 4000000 3200516
32 5 17 4000000 3200517
32 5 18 4000000 3200518
32 5 19 4000000 3200519
32 5 20 4000000 3200520
32 5 21 4000000 3200521
32 5 22 4000000 3200522
32 5 23 4000000 3200523
32 5 24 4000000 3200524
32 5 25 4000000 3200525
32 5 26 4000000 3200526
32 5 27 4000000 3200527
32 5 28 4000000 3200528
32 6 2 4000000 3200602
32 6 3 4000000 3200603
32 6 4 4000000 3200604
32 6 5 4000000 3200605
32 6 6 4000000 3200606
32 6 7 4000000 3200607
32 6 8 4000000 3200608
32 6 9 4000000 3200609
32 6 10 4000000 3200610
32 6 11 4000000 3200611
32 6 12 4000000 3200612
32 6 13 4000000 3200613
32 6 14 4000000 3200614
32 6 15 4000000 3200615
32 6 16 4000000 3200616
32 6 17 4000000 3200617
32 6 18 4000000 3200618
32 6 19 4000000 3200619
32 6 20 4000000 3200620
32 6 21 4000000 3200621
32 6 22 4000000 3200622
32 6 23 4000000 3200623
32 6 24 4000000 3200624
32 6 25 4000000 3200625
32 6 26 4000000 3200626
32 6 27 4000000 3200627
32 8 2 4000000 3200802
32 8 3 4000000 3200803
32 8 4 4000000 3200804
32 8 5 4000000 3200805
32 8 6 4000000 3200806
32 8 7 4000000 3200807
32 8 8 4000000 3200808
32 8 9 4000000 3200809
32 8 10 4000000 3200810
32 8 11 4000000 3200811
32 8 12 4000000 3200812
32 8 13 4000000 3200813
32 8 14 4000000 3200814
32 8 15 4000000 3200815
32 8 16 4000000 3200816
32 8 17 4000000 3200817
32 8 18 4000000 3200818
32 8 19 4000000 3200819
32 8 20 4000000 3200820
32 8 21 4000000 3200821
32 8 22 4000000 3200822
32 8 23 4000000 3200823
32 8 24 4000000 3200824
32 8 25 4000000 3200825
32 10 2 4000000 3201002
32 10 3 4000000 3201003
32 10 4 4000000 3201004
32 10 5 4000000 3201005
32 10 6 4000000 3201006
32 10 7 4000000 3201007
32 10 8 4000000 3201008
32 10 9 4000000 3201009
32 10 10 4000000 3201010
32 10 11 4000000 3201011
32 10 12 4000000 3201012
32 10 13 4000000 3201013
32 10 14 4000000 3201014
32 10 15 4000000 3201015
32 10 16 4000000 3201016
32 10 17 4000000 3201017
32 10 18 4000000 3201018
32 10 19 4000000 3201019
32 10 20 4000000 3201020
32 10 21 4000000 3201021
32 10 22 4000000 3201022
32 10 23 4000000 3201023
32 12 2 4000000 3201202
32 12 3 4000000 3201203
32 12 4 4000000 3201204
32 12 5 4000000 3201205
32 12 6 4000000 3201206
32 12 7 4000000 3201207
32 12 8 4000000 3201208
32 12 9 4000000 3201209
32 12 10 4000000 3201210
32 12 11 4000000 3201211
32 12 12 4000000 3201212
32 12 13 4000000 3201213
32 12 14 4000000 3201214
32 12 15 4000000 3201215
32 12 16 4000000 3201216
32 12 17 4000000 3201217
32 12 18 4000000 3201218
32 12 19 4000000 3201219
32 12 20 4000000 3201220
32 12 21 4000000 3201221
32 14 2 4000000 3201402
32 14 3 4000000 3201403
32 14 4 4000000 3201404
32 14 5 4000000 3201405
32 14 6 4000000 3201406
32 14 7 4000000 3201407
32 14 8 4000000 3201408
32 14 9 4000000 3201409
32 14 10 4000000 3201410
32 14 11 4000000 3201411
32 14 12 4000000 3201412
32 14 13 4000000 3201413
32 14 14 4000000 3201414
32 14 15 4000000 3201415
32 14 16 4000000 3201416
32 14 17 4000000 3201417
32 14 18 4000000 3201418
32 14 19 4000000 3201419
32 16 2 4000000 3201602
32 16 3 4000000 3201603
32 16 4 4000000 3201604
32 16 5 4000000 3201605
32 16 6 4000000 3201606
32 16 7 4000000 3201607
32 16 8 4000000 3201608
32 16 9 4000000 3201609
32 16 10 4000000 3201610
32 16 11 4000000 3201611
32 16 12 4000000 3201612
32 16 13 4000000 3201613
32 16 14 4000000 3201614
32 16 15 4000000 3201615
32 16 16 4000000 3201616
32 16 17 4000000 3201617
32 20 2 4000000 3202002
32 20 3 4000000 3202003
32 20 4 4000000 3202004
32 20 5 4000000 3202005
32 20 6 4000000 3202006
32 20 7 4000000 3202007
32 20 8 4000000 3202008
32 20 9 4000000 3202009
32 20 10 4000000 3202010
32 20 11 4000000 3202011
32 20 12 4000000 3202012
32 20 13 4000000 3202013
32 24 2 4000000 3202402
32 24 3 4000000 3202403
32 24 4 4000000 3202404
32 24 5 4000000 3202405
32 24 6 4000000 3202406
32 24 7 4000000 3202407
32 24 8 4000000 3202408
32 24 9 4000000 3202409
32 28 2 4000000 3202802
32 28 3 4000000 3202803
32 28 4 4000000 3202804
32 28 5 4000000 3202805
32 30 2 4000000 3203002
32 30 3 4000000 3203003
