8 3 2 20000000 0.0178228 19643544 1.000000e+00 9.971422e-01 225.102
8 3 3 20000000 0.0626642 18746716 3.468344e-01 3.468378e-01 510.182
8 3 4 20000000 0.156035 16879297 1.665913e-01 1.670337e-01 975.846
8 3 5 20000000 0.344161 13116783 7.952710e-02 7.953823e-02 1664.973
8 3 6 20000000 0.668656 6626879 2.657631e-02 2.655651e-02 2262.794
10 3 2 20000000 0.0083329 19833342 1.000000e+00 9.922139e-01 115.404
10 3 3 20000000 0.0277225 19445549 3.500240e-01 3.493409e-01 241.052
10 3 4 20000000 0.0649036 18701929 1.797651e-01 1.796624e-01 430.742
10 3 5 20000000 0.134028 17319443 1.050925e-01 1.049273e-01 726.283
10 3 6 20000000 0.262705 14745897 6.066285e-02 6.055005e-02 1155.536
10 3 7 20000000 0.485179 10296421 2.963694e-02 2.962606e-02 1605.458
10 3 8 20000000 0.785077 4298457 8.857293e-03 8.909991e-03 1652.718
12 3 2 20000000 0.00453145 19909371 1.000000e+00 1.009744e+00 69.637
12 3 3 20000000 0.0146766 19706468 3.478710e-01 3.482626e-01 136.810
12 3 4 20000000 0.0327894 19344213 1.815534e-01 1.795242e-01 228.111
12 3 5 20000000 0.0637268 18725464 1.117175e-01 1.119761e-01 370.323
12 3 6 20000000 0.117781 17644388 7.360133e-02 7.328598e-02 581.423
12 3 7 20000000 0.212531 15749383 4.786730e-02 4.783503e-02 890.998
12 3 8 20000000 0.373389 12532227 2.823801e-02 2.827722e-02 1258.799
12 3 9 20000000 0.610714 7785721 1.316159e-02 1.316507e-02 1475.875
12 3 10 20000000 0.865256 2694873 3.395375e-03 3.393522e-03 1185.761
16 3 2 20000000 0.00179875 19964025 1.000000e+00 9.835099e-01 31.061
16 3 3 20000000 0.00561425 19887715 3.443960e-01 3.387535e-01 58.160
16 3 4 20000000 0.0118991 19762018 1.786298e-01 1.776208e-01 92.130
16 3 5 20000000 0.0215274 19569452 1.111391e-01 1.121989e-01 137.521
16 3 6 20000000 0.0361224 19277552 7.711812e-02 7.748330e-02 198.329
16 3 7 20000000 0.0585898 18828204 5.705075e-02 5.728217e-02 288.256
16 3 8 20000000 0.0941429 18117142 4.329488e-02 4.321647e-02 418.396
16 3 9 20000000 0.152002 16959970 3.263229e-02 3.272791e-02 613.143
16 3 10 20000000 0.245686 15086278 2.346058e-02 2.342252e-02 863.921
16 3 11 20000000 0.389609 12207812 1.530419e-02 1.528008e-02 1134.231
16 3 12 20000000 0.584669 8306624 8.438411e-03 8.445720e-03 1296.669
16 3 13 20000000 0.796762 4064758 3.365926e-03 3.359780e-03 1148.051
16 3 14 20000000 0.950207 995862 6.102288e-04 6.154030e-04 615.553
24 3 2 20000000 0.0004902 19990196 1.000000e+00 1.041965e+00 11.018
24 3 3 20000000 0.0015107 19969786 3.393833e-01 3.155407e-01 17.831
24 3 4 20000000 0.0031048 19937904 1.728333e-01 1.689693e-01 27.810
24 3 5 20000000 0.005322 19893560 1.059584e-01 1.021782e-01 37.306
24 3 6 20000000 0.0083518 19832964 7.296904e-02 7.086354e-02 49.879
24 3 7 20000000 0.0123316 19753367 5.352083e-02 5.358291e-02 66.165
24 3 8 20000000 0.0174159 19651683 4.190410e-02 4.132874e-02 83.631
24 3 9 20000000 0.0243152 19513697 3.409537e-02 3.423305e-02 110.453
24 3 10 20000000 0.0334239 19331522 2.861980e-02 2.868669e-02 143.624
24 3 11 20000000 0.0462507 19074986 2.448559e-02 2.460432e-02 190.853
24 3 12 20000000 0.0646028 18707945 2.131004e-02 2.128019e-02 257.265
24 3 13 20000000 0.0913615 18172770 1.842926e-02 1.840276e-02 350.796
24 3 14 20000000 0.131295 17374092 1.567798e-02 1.562632e-02 479.689
24 3 15 20000000 0.190911 16181784 1.290498e-02 1.287570e-02 650.581
24 3 16 20000000 0.277753 14444941 1.009676e-02 1.009727e-02 856.569
24 3 17 20000000 0.397705 12045894 7.350855e-03 7.342708e-03 1062.193
24 3 18 20000000 0.548659 9026828 4.822308e-03 4.818548e-03 1203.422
24 3 19 20000000 0.713698 5726032 2.713591e-03 2.721960e-03 1199.888
24 3 20 20000000 0.860439 2791220 1.195568e-03 1.194325e-03 983.888
24 3 21 20000000 0.955857 882854 3.311891e-04 3.292634e-04 583.370
24 3 22 20000000 0.993902 121958 3.523674e-05 3.024468e-05 168.610
32 3 2 20000000 0.0001989 19996022 1.000000e+00 1.052426e+00 5.229
32 3 3 20000000 0.00061465 19987707 3.356690e-01 4.346170e-01 11.569
32 3 4 20000000 0.00122685 19975463 1.704313e-01 1.785186e-01 13.413
32 3 5 20000000 0.00211025 19957795 1.037706e-01 9.050467e-02 15.117
32 3 6 20000000 0.0032074 19935852 7.026725e-02 7.588682e-02 23.623
32 3 7 20000000 0.00461905 19907619 5.128600e-02 5.043661e-02 26.779
32 3 8 20000000 0.0063278 19873444 3.899549e-02 3.756619e-02 31.592
32 3 9 20000000 0.00838645 19832271 3.135477e-02 3.173872e-02 40.201
32 3 10 20000000 0.0108914 19782172 2.574514e-02 2.509835e-02 46.264
32 3 11 20000000 0.0140135 19719729 2.178494e-02 2.167422e-02 56.994
32 3 12 20000000 0.0177257 19645486 1.895053e-02 1.924537e-02 70.386
32 3 13 20000000 0.0223934 19552132 1.684537e-02 1.691595e-02 85.325
32 3 14 20000000 0.028438 19431240 1.514348e-02 1.493642e-02 103.941
32 3 15 20000000 0.0362179 19275642 1.386675e-02 1.378044e-02 132.249
32 3 16 20000000 0.0465132 19069736 1.277914e-02 1.273017e-02 169.414
32 3 17 20000000 0.0607251 18785499 1.180168e-02 1.192465e-02 223.710
32 3 18 20000000 0.0807317 18385366 1.084903e-02 1.079571e-02 291.066
32 3 19 20000000 0.109265 17814708 9.796482e-03 9.789573e-03 387.579
32 3 20 20000000 0.149854 17002911 8.631388e-03 8.690732e-03 515.587
32 3 21 20000000 0.207412 15851752 7.358537e-03 7.367327e-03 668.076
32 3 22 20000000 0.286439 14271214 6.005940e-03 6.000171e-03 843.800
32 3 23 20000000 0.390045 12199094 4.634147e-03 4.644585e-03 1023.324
32 3 24 20000000 0.516152 9676962 3.339079e-03 3.344355e-03 1162.432
32 3 25 20000000 0.655268 6894650 2.194195e-03 2.190151e-03 1214.025
32 3 26 20000000 0.788735 4225309 1.257323e-03 1.255928e-03 1132.578
32 3 27 20000000 0.895876 2082472 5.861564e-04 5.863589e-04 904.860
32 3 28 20000000 0.962603 747949 1.968386e-04 1.971271e-04 577.337
32 3 29 20000000 0.991816 163678 3.531117e-05 3.724412e-05 255.637
32 3 30 20000000 0.999295 14108 1.810663e-06 1.857413e-06 47.223
64 3 2 20000000 2.46e-05 19999508 1.000000e+00 -4.301835e-01 -0.376
64 3 3 20000000 7.235e-05 19998553 3.348666e-01 5.335365e-01 2.375
64 3 4 20000000 0.0001431 19997138 1.653562e-01 1.968219e-01 2.451
64 3 5 20000000 0.000239 19995220 1.005437e-01 1.010485e-01 2.714
64 3 6 20000000 0.00036315 19992737 6.702289e-02 8.659180e-02 4.329
64 3 7 20000000 0.00050895 19989821 4.853781e-02 2.637547e-02 2.186
64 3 8 20000000 0.00068325 19986335 3.628346e-02 2.088111e-02 2.683
64 3 9 20000000 0.0008854 19982292 2.837380e-02 2.174615e-02 4.106
64 3 10 20000000 0.00112085 19977583 2.293287e-02 2.492494e-02 6.663
64 3 11 20000000 0.0013756 19972488 1.878753e-02 2.215639e-02 8.039
64 3 12 20000000 0.00164745 19967051 1.587916e-02 1.795857e-02 8.551
64 3 13 20000000 0.0019733 19960534 1.355456e-02 1.065504e-02 6.605
64 3 14 20000000 0.00233625 19953275 1.163959e-02 1.054426e-02 8.362
64 3 15 20000000 0.00269345 19946131 1.020264e-02 1.038547e-02 10.203
64 3 16 20000000 0.0030994 19938012 8.934263e-03 8.569753e-03 10.359
64 3 17 20000000 0.0035565 19928870 7.934395e-03 8.513773e-03 12.576
64 3 18 20000000 0.00402405 19919519 7.173867e-03 7.618694e-03 13.506
64 3 19 20000000 0.0045753 19908494 6.499792e-03 6.426863e-03 13.704
64 3 20 20000000 0.0051348 19897304 5.927184e-03 5.723735e-03 14.443
64 3 21 20000000 0.0057649 19884702 5.412040e-03 5.614097e-03 16.728
64 3 22 20000000 0.00642365 19871527 5.005395e-03 4.669942e-03 16.272
64 3 23 20000000 0.0071549 19856902 4.665450e-03 4.822463e-03 19.589
64 3 24 20000000 0.00797895 19840421 4.358455e-03 4.252061e-03 20.133
64 3 25 20000000 0.00875025 19824995 4.095647e-03 3.818938e-03 20.680
64 3 26 20000000 0.00961415 19807717 3.869493e-03 4.014165e-03 24.884
64 3 27 20000000 0.0107606 19784789 3.686786e-03 3.581737e-03 25.850
64 3 28 20000000 0.0118657 19762686 3.542897e-03 3.372307e-03 27.869
64 3 29 20000000 0.0130925 19738149 3.387895e-03 3.549926e-03 33.584
64 3 30 20000000 0.0144764 19710472 3.319180e-03 3.309800e-03 35.893
64 3 31 20000000 0.0161306 19677388 3.209615e-03 3.183584e-03 39.802
64 3 32 20000000 0.0179501 19640998 3.164969e-03 3.144594e-03 45.285
64 3 33 20000000 0.0200809 19598383 3.126754e-03 3.171329e-03 52.832
64 3 34 20000000 0.0226647 19546706 3.131640e-03 3.122447e-03 60.646
64 3 35 20000000 0.0258342 19483317 3.150136e-03 3.150511e-03 72.037
64 3 36 20000000 0.0297012 19405975 3.160988e-03 3.250842e-03 88.288
64 3 37 20000000 0.0345891 19308218 3.211670e-03 3.172918e-03 103.696
64 3 38 20000000 0.0408478 19183044 3.227998e-03 3.209728e-03 128.056
64 3 39 20000000 0.0490901 19018197 3.230021e-03 3.242114e-03 160.821
64 3 40 20000000 0.0599551 18800898 3.203815e-03 3.184718e-03 200.024
64 3 41 20000000 0.0744709 18510582 3.126435e-03 3.098029e-03 251.158
64 3 42 20000000 0.093763 18124740 3.000998e-03 3.020157e-03 321.343
64 3 43 20000000 0.119476 17610477 2.833510e-03 2.834739e-03 402.206
64 3 44 20000000 0.153283 16934339 2.614349e-03 2.606373e-03 499.145
64 3 45 20000000 0.196915 16061694 2.363047e-03 2.364372e-03 616.624
64 3 46 20000000 0.252071 14958575 2.080920e-03 2.082926e-03 744.058
64 3 47 20000000 0.31956 13608809 1.790394e-03 1.786763e-03 875.563
64 3 48 20000000 0.3992 12016003 1.493130e-03 1.489249e-03 1000.714
64 3 49 20000000 0.489126 10217477 1.210176e-03 1.208949e-03 1114.000
64 3 50 20000000 0.585337 8293263 9.401404e-04 9.407778e-04 1186.690
64 3 51 20000000 0.681998 6360046 7.015393e-04 7.012276e-04 1211.803
64 3 52 20000000 0.772858 4542849 4.917692e-04 4.921048e-04 1174.003
64 3 53 20000000 0.850873 2982532 3.226883e-04 3.218611e-04 1071.888
64 3 54 20000000 0.911376 1772490 1.921097e-04 1.934752e-04 921.387
64 3 55 20000000 0.953496 930083 1.033306e-04 1.027238e-04 724.327
64 3 56 20000000 0.979075 418509 4.784245e-05 4.698859e-05 521.870
64 3 57 20000000 0.992144 157112 1.819651e-05 1.767915e-05 333.745
64 3 58 20000000 0.997709 45825 5.028455e-06 5.076475e-06 182.862
64 3 59 20000000 0.999492 10158 1.128888e-08 1.061043e-06 84.049
64 3 60 20000000 0.999925 1504 -2.363797e-07 1.335089e-07 27.441
64 3 61 20000000 0.999995 109 2.687700e-07 6.626391e-09 5.234
64 3 62 20000000 1 3 -6.344762e-07 -2.610872e-10 -1.022
256 3 160 4000000 0.0052085 3979166 8.995016e-05 1.738833e-04 3.273
256 3 166 4000000 0.0057685 3976926 9.844549e-05 1.208410e-04 2.613
256 3 172 4000000 0.00652375 3973905 1.284718e-04 1.604098e-04 4.070
256 3 178 4000000 0.00888425 3964463 2.333240e-04 2.671602e-04 9.585
256 3 184 4000000 0.0185953 3925619 3.717212e-04 3.575754e-04 28.029
256 3 190 4000000 0.0555063 3777975 3.712354e-04 3.709271e-04 92.596
256 3 196 4000000 0.165408 3338369 2.776680e-04 2.760783e-04 230.052
256 3 202 4000000 0.394137 2423451 1.698737e-04 1.688835e-04 415.338
256 3 208 4000000 0.692052 1231794 8.199529e-05 8.189332e-05 521.931
256 3 214 4000000 0.910063 359748 2.641537e-05 2.615192e-05 424.679
256 3 220 4000000 0.987942 48230 4.267555e-06 4.178899e-06 208.572
256 3 226 4000000 0.999449 2203 4.771605e-07 2.344230e-07 58.042
256 3 232 4000000 0.999995 21 -4.734695e-08 2.904456e-09 8.141
256 3 238 4000000 1 0 -3.196102e-09 nan nan
256 3 244 4000000 1 0 -9.670262e-08 nan nan
256 3 250 4000000 1 0 -2.795138e-07 nan nan
1024 3 780 1000000 0.003246 996754 3.903383e-05 6.418884e-05 3.684
1024 3 800 1000000 0.036621 963379 4.635451e-05 4.701791e-05 32.103
1024 3 820 1000000 0.276938 723062 2.483047e-05 2.489783e-05 156.882
1024 3 840 1000000 0.758774 241226 7.883649e-06 7.883645e-06 248.172
1024 3 860 1000000 0.981583 18417 7.907100e-07 8.186770e-07 126.031
1024 3 880 1000000 0.999825 175 -8.869310e-08 1.110950e-08 18.610
1024 3 900 1000000 1 0 -7.484984e-08 nan nan
1024 3 920 1000000 1 0 -1.989969e-08 nan nan
