256 4 141 4000000 5.95e-05 3999762 8.322140e-05 -3.335370e-03 -0.629
256 4 154 4000000 7.225e-05 3999711 1.672147e-04 -1.437645e-04 -0.036
256 4 164 4000000 0.0001075 3999570 1.620725e-04 7.259181e-04 0.288
256 4 174 4000000 0.0026515 3989394 2.714379e-04 3.103021e-04 3.230
256 4 184 4000000 0.0840105 3663958 1.052495e-04 1.050498e-04 38.353
256 4 195 4000000 0.637054 1451783 1.414613e-05 1.427170e-05 67.252
256 4 205 4000000 0.982715 69138 -1.397424e-07 -1.973589e-07 -7.017
256 4 215 4000000 0.999981 76 -3.756943e-07 -2.959385e-09 -3.335
256 4 225 4000000 1 0 -6.251953e-08 nan nan
256 5 141 4000000 7.5e-07 3999997 4.574206e-04 -3.437183e-01 -0.818
256 5 154 4000000 0.000273 3998908 3.507007e-05 -9.587631e-04 -0.907
256 5 164 4000000 0.0296903 3881239 -5.921558e-05 -4.642275e-05 -5.171
256 5 174 4000000 0.43191 2272360 -5.313187e-05 -5.336664e-05 -120.783
256 5 184 4000000 0.954121 183515 -8.717049e-06 -8.696265e-06 -163.399
256 5 195 4000000 0.999955 179 -1.303009e-07 -2.239432e-08 -15.005
256 5 205 4000000 1 0 4.371488e-07 nan nan
256 5 215 4000000 1 0 3.171928e-08 nan nan
256 5 225 4000000 1 0 4.424511e-08 nan nan
256 6 141 4000000 0.00076325 3996947 -2.610460e-04 -9.498780e-04 -2.300
256 6 154 4000000 0.198632 3205471 -1.586521e-04 -1.589168e-04 -123.250
256 6 164 4000000 0.859006 563976 -3.651293e-05 -3.638511e-05 -314.865
256 6 174 4000000 0.999136 3457 -5.010441e-07 -4.942205e-07 -67.643
256 6 184 4000000 1 0 -2.899058e-07 nan nan
256 6 195 4000000 1 0 -1.404222e-07 nan nan
256 6 205 4000000 1 0 -7.933429e-09 nan nan
256 6 215 4000000 1 0 -5.349608e-08 nan nan
256 6 225 4000000 1 0 1.691598e-08 nan nan
1024 4 635 1000000 3e-06 999997 7.825799e-05 4.194455e-03 0.180
1024 4 676 1000000 5e-06 999995 -4.515089e-05 -6.649289e-04 -0.051
1024 4 717 1000000 8e-06 999992 -1.818045e-05 3.517199e-03 0.456
1024 4 758 1000000 0.026791 973209 1.256644e-05 1.090923e-05 5.079
1024 4 799 1000000 0.905509 94491 2.561004e-07 2.901858e-07 15.599
1024 4 840 1000000 1 0 -7.988310e-08 nan nan
1024 5 635 1000000 0 1000000 nan nan 0.266
1024 5 676 1000000 0.001489 998511 -1.795604e-05 -2.205336e-05 -0.502
1024 5 717 1000000 0.698499 301501 -4.212512e-06 -4.098582e-06 -85.299
1024 5 758 1000000 0.999994 6 -8.190085e-08 -2.775431e-10 -1.582
1024 5 799 1000000 1 0 4.817544e-08 nan nan
1024 5 840 1000000 1 0 3.713760e-08 nan nan
