32 3 8 2657142 0.00636511 2640229 3.925984e-02 3.808101e-02 11.754 3.174e-04
32 3 13 2000000 0.0226825 1954635 1.670839e-02 1.548700e-02 25.018 1.125e-04
64 3 16 5208000 0.00312327 5191734 8.934031e-03 1.277187e-02 7.938 1.019e-04
32 3 19 2000000 0.109243 1781513 9.810281e-03 9.772418e-03 122.362 3.210e-05
64 3 26 2000000 0.0096955 1980609 3.739274e-03 3.303203e-03 6.528 5.554e-05
128 3 32 10323870 0.00152007 10308177 2.101204e-03 1.608711e-03 1.974 3.356e-05
64 3 38 2000000 0.0404495 1919101 3.201597e-03 3.337602e-03 41.742 1.883e-05
128 3 51 4016188 0.00409866 3999727 8.770395e-04 6.522447e-04 2.162 2.028e-05
256 3 64 20561904 0.000745602 20546573 5.247582e-04 9.809947e-05 0.238 1.171e-05
128 3 77 2000000 0.012491 1975018 6.505782e-04 6.967976e-04 7.573 1.141e-05
256 3 102 8047524 0.00194271 8031890 1.853920e-04 7.697285e-05 0.487 7.128e-06
512 3 128 41040944 0.000372555 41025654 1.218363e-04 -1.338221e-04 -0.651 4.041e-06
256 3 154 3518614 0.00477006 3501830 9.930601e-05 1.102645e-04 1.715 4.526e-06
512 3 205 15953170 0.000964134 15937789 4.819790e-05 -8.348410e-05 -1.052 2.493e-06
512 3 307 7101845 0.00220055 7086217 2.205175e-05 7.982410e-05 2.295 1.635e-06
